BC_ID BC_Counts Mut_ID
23990 1 886
73463 67 74
268076 1 213
4026 607 48
239041 952 85
131111 289 534
144336 1 996
263633 1 347
23446 16 651
117673 610 522
23444 51 742
82103 1 195
5982 343 775
64036 1 887
10891 626 799
55299 1 434
22262 236 20
24714 1 985
32837 5 628
7518 2 159
52269 12 651
25069 564 802
130134 1 48
74359 1 729
127490 64 856
60353 43 981
130468 1 366
6794 466 892
88718 229 763
135031 69 119
294 112 149
17650 47 954
63735 352 390
117526 8 684
100941 1 85
4657 914 423
55835 2 159
55833 39 855
276 28 149
43981 1 935
279 194 109
22484 235 453
140326 1 252
43698 1 333
158540 134 132
12011 59 718
312970 571 456
16385 63 439
69721 1 411
81620 24 349
64678 11 148
97886 2 456
17032 351 226
64299 2 486
76127 1 233
57477 1 149
46793 163 1014
8094 2 35
102 89 488
49561 367 566
107 1 212
4148 458 159
16819 113 55
333 1 512
251174 1 809
2510 1 884
185917 36 423
85186 225 1004
102448 2 59
9411 49 500
64905 9 481
57076 246 930
11611 324 159
45444 193 874
85430 1 912
10633 8 695
294543 1 85
20521 308 898
19394 1 174
204062 1 254
204061 66 456
58677 1 428
125409 1 898
33474 340 742
41343 147 757
182063 1156 235
9322 2 311
24082 138 97
17721 390 80
17722 2 767
139936 1 162
54952 984 381
116124 27 372
142027 41 1007
54955 159 159
8949 343 718
3510 746 628
53288 1 243
2689 150 605
84058 501 9
6203 1 389
36027 102 717
102158 53 353
122542 1 618
26976 125 958
203384 32 767
9744 3 704
294034 46 564
71572 352 423
20415 391 47
95 414 710
219159 6 926
1627 136 192
30414 3 302
1998 1 652
1629 3 1012
14681 1 800
193917 2 48
33679 50 115
112558 2 815
112227 5 209
8832 1 449
33853 73 48
275344 3 785
59927 369 113
132348 220 903
33697 1 657
80806 1 829
5409 16 813
59108 400 412
24235 3 1012
29561 776 423
37178 743 692
147277 586 439
115335 1 829
37957 172 213
37959 267 729
29764 491 809
1175 9 97
8167 1069 153
8164 1 445
76574 16 75
76576 30 302
18148 449 1002
44701 479 625
5537 285 32
76084 191 670
18146 1 254
225276 39 596
110836 11 190
11167 11 247
83726 1 383
94495 1 780
682 202 474
189219 95 390
229429 473 138
8386 494 536
73651 22 245
22955 28 813
8545 131 805
15282 358 960
55110 1 426
4389 238 534
55115 452 647
87336 8 149
95948 47 278
6579 128 401
4386 1 432
87807 2 271
406 2 376
73721 24 1014
34154 1 597
18805 3 1002
145925 64 213
63864 2 859
25942 385 403
31547 1 652
3830 82 906
3833 117 34
214400 8 965
145748 298 330
72413 3 233
4036 400 8
78847 75 85
307680 1 173
198789 1 177
28989 59 247
51278 218 439
77281 4 308
379 194 111
91841 510 639
55025 403 981
6532 1 964
19412 1 597
181571 159 50
182591 265 9
75530 1 366
26443 1 647
304554 124 819
70988 1 99
35440 2644 423
130898 2 280
88639 667 896
23877 1 886
6784 1 623
274835 1 20
10979 78 764
4723 14 807
31903 1 421
5844 97 353
222798 2 648
177103 1 622
165832 2 729
57261 410 969
41828 1 763
117240 1 353
32006 3 780
182286 531 476
56407 197 625
11757 408 573
2270 1 918
64597 68 582
37683 1 597
12000 410 1012
69748 809 41
166582 1 316
205632 76 692
178753 1 423
9241 98 111
122602 3 954
38423 242 475
149136 5 599
150610 1 235
3597 1 473
154071 6 453
17999 2 265
80107 88 442
4829 1 547
185671 3 309
29154 34 727
4532 586 1012
21930 288 34
11625 1 151
140426 2 772
294550 1 639
270722 4 618
140422 338 412
10152 2 639
57317 697 217
48559 324 426
317739 2 585
10158 237 395
54564 1 456
124436 90 520
37372 215 569
22805 446 886
10395 291 623
81962 425 700
49312 1 885
46870 42 1012
9620 81 205
37786 10 209
49315 51 149
45783 193 715
16251 1 173
99 1 810
63874 2 768
320516 113 517
1603 1 85
2691 190 202
25449 1 1002
15708 4 807
15709 23 279
54980 75 935
137077 388 34
179621 1 412
53509 267 993
216496 2 461
265815 1 800
319376 1 431
302744 5 258
3231 1833 423
131829 566 845
1618 419 639
1965 5 846
268602 1 414
7329 574 48
168852 1 625
210433 352 423
8840 406 195
147993 1 423
41596 83 369
41772 76 393
12957 541 864
68904 2 1009
70906 1 431
20261 18 157
168691 74 205
302243 371 800
3358 167 912
58683 167 88
7061 8 975
29778 474 766
169616 234 732
29596 78 326
1143 363 71
233931 1 118
12487 1 519
12485 1393 423
231479 100 745
253044 2 969
37295 342 729
119329 63 638
12925 149 555
5503 121 381
27607 20 924
1547 2 254
1545 2 97
24392 2 597
39586 199 809
34098 304 639
187640 422 423
38294 299 445
78127 4 374
233341 333 773
66370 1 1000
313378 1 792
31753 194 506
96652 47 195
145596 6 544
188605 4 177
77562 303 461
64178 1 780
66402 1 434
48944 98 292
48942 1 201
9987 63 226
230679 317 484
61758 905 177
44802 3 622
119034 1 587
192306 623 717
414 1 169
126670 40 896
151390 1 974
411 497 296
73713 11 695
5715 196 180
94401 2 802
3827 1 71
114055 474 956
114054 1 440
154709 1 853
311033 3 423
82425 3 757
10334 2 983
188286 75 573
66883 2 87
93239 1 165
35325 227 381
10702 1 993
32813 356 866
35329 3 66
7537 266 732
61359 1 353
7533 177 439
224131 1 612
55257 1 968
19350 1 261
140112 202 211
65211 410 177
60338 3 89
16653 398 996
387 792 266
388 166 26
74037 1 456
110377 140 2
5271 1 576
64854 1 809
98185 3 517
195653 1 807
10986 2 106
13664 1 913
10983 186 772
224358 178 506
73444 67 412
82737 2 619
9969 449 119
56857 155 757
24957 1 690
150028 1 938
3756 631 227
2191 50 924
195539 1 767
16728 2 998
74450 774 34
13524 1 534
224919 149 431
51825 224 742
16726 1 252
25424 11 902
16236 7 268
12039 1 623
2203 2 846
2204 1 947
98597 361 231
270607 235 85
12037 199 536
11587 1 254
8102 1 883
16836 1 512
143988 637 423
36312 1 83
102958 115 1003
17524 88 513
160 106 781
17292 246 66
80170 55 690
117348 265 48
45463 3 9
4834 4 627
6358 40 780
7993 2 86
116694 24 896
104132 1 254
11634 313 112
42495 378 31
140450 146 70
125888 3 423
98280 237 985
22299 2 625
9341 3 813
5298 274 968
46840 2 61
5296 2 577
10165 410 1005
45866 2 326
9619 1 1001
60664 7 401
22816 363 846
179796 1 202
5057 18 381
5050 6 949
1815 337 962
16906 462 959
89256 1 213
163828 1 258
195318 2 757
102397 35 605
106390 1 456
53975 4 986
42926 1 906
36821 477 646
97463 253 246
63866 920 423
675 3 695
134569 2 34
12219 577 834
236233 646 423
48430 1 1002
161453 2 473
15847 2 625
48439 3 391
49431 67 353
137997 1 684
37373 464 866
24170 311 962
43709 346 979
9295 2 24
143723 1 647
247335 1 527
175245 469 1001
108933 146 248
161630 1 898
800 30 639
36170 4 836
11969 1 710
83455 1 441
18099 240 70
30183 31 190
39695 2 364
2847 550 533
69449 149 456
3321 1 245
72893 276 775
37198 356 964
268057 256 539
38753 5 817
138312 1 894
37978 9 84
45848 2 930
41148 2 856
8148 258 129
30766 1 802
87085 2 892
137684 1 426
59012 1 954
40785 60 453
58548 1210 362
312352 486 171
77915 4 894
180975 2 926
28341 35 226
50270 718 819
51 2 993
436 808 536
53 348 340
30341 200 248
15592 2 746
15595 3 617
111035 311 864
31210 276 339
91190 344 40
47522 770 423
88546 3 479
132784 37 979
31561 1 894
234356 1 343
17853 1 19
48391 84 71
5600 100 906
48938 2 804
14517 1 574
91225 137 202
1902 2 421
217198 1 423
72657 1 899
421 3 509
420 1 845
1395 35 52
1392 1 109
151360 114 767
32489 178 705
74734 398 718
120826 1 147
23257 98 627
52838 2 898
22384 204 764
60928 5 313
6426 657 802
4298 1 951
100150 2 746
93207 1 110
48844 2 313
6428 130 4
30968 596 935
74934 1 894
244275 1 670
18854 5 859
313969 115 347
197883 1 652
233990 33 605
51901 1 969
119564 261 674
6163 1 710
259674 5 423
98611 247 1002
250429 1 99
60813 674 112
10996 68 949
69508 34 846
60370 1 366
5869 262 715
151211 53 652
104257 51 214
215773 539 648
41237 1 153
17609 43 1007
46473 425 547
17353 342 50
74445 230 979
229 1 266
227 71 133
101103 45 494
16226 81 237
2213 1 705
2211 560 826
42009 1 530
5604 1 129
293454 1 265
12423 3 819
12424 4 618
154115 183 710
6697 1 223
23909 1 976
43024 2 375
151 847 710
227068 249 12
20718 264 642
52165 294 209
32110 1 549
17511 260 962
17510 2 750
17516 1 289
105298 1 772
204675 9 524
41516 2 95
152857 1 802
85449 1 947
119492 1 802
323402 1 85
49150 149 864
46671 284 890
26051 7 596
2503 63 353
15715 19 440
11647 1 790
9353 1 343
101866 1 279
46853 1 986
99521 3 555
90293 171 60
15028 2 343
58827 3 333
141488 1 983
52565 1 983
17174 266 526
60673 374 648
75084 74 227
27944 4 211
274280 226 423
50691 1 218
16916 339 1002
204458 255 233
1809 1 710
253342 378 899
57423 116 119
2290 1 205
82206 1 652
36813 5 865
36760 457 311
125273 281 596
14852 511 423
197792 5 407
70365 2 153
18886 81 1014
26947 160 766
63253 461 712
44854 145 596
14075 1 634
38613 1 426
193897 2 729
9773 3 227
10515 33 687
50809 1 539
39713 153 970
18422 44 893
199572 1 423
90727 309 48
70745 3 441
11917 1 149
810 6 237
814 1 960
2858 1 323
168303 1 750
112077 5 935
18777 1 70
5461 2 461
37434 1 524
106717 1 175
251856 598 132
121620 466 534
5266 5 981
5265 700 423
68630 2 988
36265 201 60
48598 204 215
79036 19 106
168237 101 505
163055 2 418
18393 1 494
18170 390 618
72084 1 729
8603 1 333
14456 291 226
79290 94 605
33950 1 733
18371 466 423
30287 648 423
103169 1 781
3029 579 704
3028 486 233
77909 1 119
14699 1 792
2985 1 835
55094 1 687
179648 161 7
157827 403 177
108871 2 913
40331 174 4
179464 2 1002
1015 3 727
1010 4 461
8730 1 775
249201 1 423
1237 1 988
76237 1 819
136543 4 60
13868 1788 423
31001 195 680
111376 1 938
195818 54 431
5674 196 310
229036 1 693
67791 508 203
74147 1 231
35902 333 423
14525 297 757
180705 40 343
6502 173 72
11008 1 1001
6504 283 165
171044 6 423
34189 115 381
59623 1 869
23061 240 622
42378 3 549
151375 3 433
29626 649 921
225622 83 521
430 498 115
126121 2 149
121260 2 970
117633 1 572
101368 1 387
163886 599 565
741 1 684
61022 1 976
180127 242 20
23481 387 85
8462 1 680
83358 1 448
43235 2 1007
188717 1 623
194852 1 757
39142 128 250
19112 47 134
30973 217 432
108300 3 742
6438 47 687
7552 1 815
28883 2 574
556 3 4
35479 65 9
28864 1 522
110195 183 352
28861 2 362
74692 30 353
22534 227 52
149805 1 981
89227 22 954
71901 1 209
3062 4 395
43307 2 704
26440 2 323
166443 41 775
16039 1 302
73939 515 8
12516 6 843
5816 95 261
57788 1422 423
48841 1 924
96603 259 965
25390 25 185
16586 51 26
32296 2 993
12057 658 119
12056 500 468
235 227 781
13505 502 468
233 303 930
12694 1 463
12699 203 50
1 2 185
65236 365 684
5920 445 375
25718 2071 423
96048 114 851
75652 2 690
325275 3 1007
49524 1 111
191558 431 132
20705 501 1000
7823 2 648
65542 84 1014
63663 2 91
195482 5 979
270713 138 387
244421 1 180
214722 1 44
323419 1 13
26269 1836 423
141904 291 468
2712 1 313
17761 2 132
58033 1 50
90281 317 201
134121 2 729
105571 55 457
17166 2 149
7220 2 109
1197 4 138
172343 455 252
18637 1 266
118978 18 366
116162 439 162
16966 240 205
2155 47 573
2157 2043 423
2403 39 204
184803 56 119
930 2 340
154487 2 710
138246 53 853
16873 22 768
41414 3 440
33720 2 804
63533 2 104
182157 1 877
1756 105 769
49456 151 976
54683 1 618
3248 1 845
7311 47 71
237075 2 391
63089 3 947
36971 4 60
90731 3 949
18414 17 125
203856 1374 423
18986 1 277
257477 220 143
275476 1 745
1481 57 804
156188 5 45
10236 29 685
3150 4 421
5494 1 768
31698 664 423
41524 4 639
5492 312 371
68641 496 90
12143 7 189
21506 1 418
157746 1 859
29728 1 52
48580 4 886
121632 693 159
36606 1 802
83890 185 672
42526 517 266
136500 2 837
109406 11 868
1132 605 252
14442 2 650
24563 6 148
26992 3 775
3018 1 492
208618 100 468
14680 5 918
239836 13 894
91429 365 209
77933 1 185
3014 1 717
33895 54 564
24527 1 313
137227 4 289
64828 225 458
8720 2 185
1003 2 518
628 4 212
23653 4 680
8295 371 243
123076 215 574
89033 243 584
5949 2 474
205865 1 115
59408 1 618
206352 1 1000
11011 112 536
23010 2 912
28093 2 710
23014 21 84
136155 257 959
115284 17 524
143394 1 547
183115 2 383
3871 2 975
110502 400 935
3874 1 521
89104 1 819
184485 4 644
14408 1 34
145495 1 976
10 1 655
30944 446 526
184247 100 302
109223 2 986
170259 96 149
44808 395 691
25630 60 1002
61303 48 170
282361 1 1001
39730 1 947
32607 3 705
26298 317 956
28874 489 339
93482 344 476
35647 358 423
235139 278 757
11488 3 205
304281 2 687
13659 2 954
35649 427 853
78930 9 638
25412 6 526
21586 2 102
98635 2 280
4169 4 381
240470 4 772
51327 1 618
16023 3 99
35249 1971 807
267024 1 544
16753 1 180
19924 323 780
40241 1 256
94348 1 134
208 430 337
292524 1 938
7244 23 868
32280 87 618
244505 80 724
25361 581 34
2230 373 1001
69781 88 235
104580 62 835
42574 504 7
150122 184 183
5933 20 313
101268 1 339
5930 513 971
51929 16 440
260688 83 979
64571 2 979
64577 510 6
7364 36 352
76886 749 692
185905 2 202
226 1 526
36347 276 43
4579 312 815
19816 2 520
32137 45 756
133957 1 479
184728 233 13
235317 1 34
269179 38 605
210055 406 967
2529 2 781
261577 1 431
121826 2 874
99947 2 374
104160 134 984
9379 11 162
197403 198 119
197406 185 162
2706 1 16
4886 222 34
7966 6 228
38803 569 71
98890 620 34
56885 5 870
1829 150 570
251508 48 893
21115 1 468
113293 1 767
17084 57 589
125671 1 367
2416 1 602
42976 438 742
42203 554 859
12265 255 376
53236 351 625
39734 1 710
1926 8 544
1927 107 993
20111 2 851
39739 592 547
58151 2 200
146135 134 252
21469 920 60
3472 1 574
298300 1 723
84280 410 547
18974 96 149
18408 170 924
141733 51 91
45612 2 898
33408 326 423
176725 314 132
13932 1 266
33401 187 534
14944 1 350
230214 32 771
137149 44 648
68785 41 180
94756 1 883
48000 1 865
5482 2 1002
41534 165 83
115612 85 170
68650 1 638
787 1 3
252570 1 733
142384 4 423
152022 1 476
84607 475 935
13134 1 880
44107 1 190
27689 1019 1000
92268 3 119
40268 1 48
153457 309 95
137360 3 423
15944 226 930
60 1 474
50200 352 162
58573 593 202
265803 4 809
151754 2 807
25826 1 534
126035 15 773
77923 1 1015
18897 443 975
48488 1 852
11891 38 367
133261 662 949
50821 363 60
27585 2 186
99338 1 693
83774 1639 859
71092 1 835
635 2 757
226950 45 152
8069 19 917
66145 1 520
200116 1 888
73056 1 899
23132 1 617
145555 218 439
7481 140 48
59197 60 47
59196 709 718
291783 6 807
28267 2 768
106517 1 175
154956 254 592
108099 21 186
288412 225 926
34453 4 149
1105 1 684
1102 258 33
207582 2 100
77491 4 468
20024 1 162
89443 1 591
11324 2 742
51796 68 535
151532 317 1013
59220 1 648
197181 1 366
7578 2 233
9816 263 536
100100 249 439
100453 4 756
308932 2 177
7773 217 310
225991 16 149
21247 1 648
88641 107 72
35496 69 815
286813 118 954
8316 57 119
28847 228 362
114140 4 1001
23350 57 688
23829 633 212
52978 210 138
215965 1 932
109123 1 777
140071 1 965
4159 231 512
60841 1 464
950 2 381
32927 41 1004
22192 209 930
59906 5 476
215 320 426
117540 1 979
79981 58 125
578 205 2
22677 3 975
16561 2 60
52952 171 1014
15188 1 727
131359 2 203
289438 1 887
42179 1 60
34290 4 600
23911 1968 807
92012 502 242
51959 1 177
154305 176 434
135633 593 638
21078 366 639
185604 232 309
119084 1 52
32144 58 993
25514 1 958
6311 71 449
287708 1 853
17365 1 915
2394 3 302
85258 188 392
26054 1 19
105178 22 132
2391 368 983
121837 530 83
11478 1 814
220492 42 836
20611 4 1002
5015 449 350
62913 435 118
27939 216 461
49618 49 846
25202 694 261
9490 449 227
49612 139 423
17143 106 186
36755 2 877
85034 527 954
80044 1 913
186268 1 3
1852 133 570
21185 1 830
75234 2 899
6269 54 898
2170 1643 423
3842 3 274
17096 1 891
918 1 916
2174 225 984
2175 204 453
42216 1 766
9543 1 590
118560 1 650
112422 1 356
45990 1 1009
41430 310 930
123505 2 347
21456 130 75
106688 1 767
10785 516 819
39727 107 704
10037 406 646
121014 277 118
134851 3 923
71314 301 1004
22987 171 237
7376 1 947
849 128 996
134101 297 34
20581 2 209
41328 34 1001
103379 77 256
5438 1 534
102203 343 925
133450 2 132
41057 3 308
27593 1 757
84504 342 185
179721 1 343
18212 1 125
9035 2 310
59766 311 423
9038 1 998
10256 496 1012
107483 544 234
37245 5 231
194521 2 175
143486 99 458
176374 1 1016
164491 1 46
13120 270 109
18509 1 73
176378 68 91
169144 1 925
34280 49 717
29894 1 431
3429 1 520
72055 2 478
15797 1 805
264592 1 251
2958 1 819
24341 22 998
125682 1 729
28478 53 431
14313 1 902
58744 218 817
143798 1 80
17951 1 245
17950 649 639
91401 505 935
232780 1 34
606 211 960
4361 57 181
600 769 512
30035 1 50
609 545 622
59436 1 710
192809 1 1005
138075 1 99
8275 660 213
59187 4 461
637 9 983
187100 4 381
162894 150 367
1447 3 988
175000 1 802
639 1 687
47275 95 887
31635 1 986
47270 14 110
13780 18 109
23745 17 781
23748 539 295
55196 1 674
97478 5 607
23585 29 809
126689 12 423
159524 26 209
34663 2 446
11314 193 973
199928 3 486
11312 1 597
195913 1 17
155044 1 627
9808 1 375
9805 2 733
9804 4 547
55043 38 47
9802 84 227
105348 433 138
212705 1 80
212701 3 289
42897 504 1001
117776 4 807
127152 233 343
150252 49 998
114171 1 600
6720 1 551
111431 27 809
136229 2 623
28856 3 763
8309 15 374
15204 1 768
8095 503 116
5822 1 205
39062 397 756
12522 1 223
4141 1 631
110528 1 623
32449 193 313
96490 2 188
22766 1057 592
134723 2 245
11145 358 687
116552 179 767
110252 437 733
16573 1 203
77444 399 705
43574 1 896
19300 3 893
55226 2 1001
16 1 648
82340 1 442
25742 1 648
92008 7 128
69078 73 1014
46727 1 964
196 456 898
6387 53 111
16319 2 428
4558 5 9
19874 1 552
2541 3 374
90432 244 60
119904 241 400
64996 655 423
42353 3 830
55240 6 597
165857 2 800
56331 301 780
2387 230 646
93442 329 35
292548 151 767
10102 1 777
253259 1 739
235461 56 926
9154 351 660
67884 1 938
140933 402 729
70546 107 133
16406 2 526
9481 8 340
176380 1 159
176385 1 364
16794 320 109
204129 1 12
43606 19 132
44620 1 804
4954 27 650
20489 399 138
53219 110 566
20954 2 536
7347 367 853
135841 2 1001
305110 134 506
3294 38 311
20132 116 47
5134 1 855
5133 46 421
3291 410 520
3293 2 551
854 3 536
44765 2 362
3451 12 481
150764 329 890
33178 264 639
36926 230 125
271831 176 958
41511 162 623
271121 1 1004
24309 47 395
44012 517 40
71127 379 742
62769 1 812
94734 244 843
53452 21 998
59752 2 54
45388 1 412
20008 316 109
5228 6 628
83570 181 310
21539 208 232
24016 3 98
155824 1 766
102654 1 386
142097 143 423
11868 576 47
15814 96 292
23638 1 800
59536 546 34
15140 246 597
744 1 569
209755 6 191
147112 14 940
109927 17 175
136766 292 12
6890 985 807
3061 9 680
15611 2 879
90815 543 565
222256 2 80
41606 2 573
289246 52 144
2940 76 925
20312 2 864
143679 3 461
198267 467 205
123797 813 423
238026 1 200
37891 231 20
64437 3 800
147571 182 967
618 2 318
67442 347 390
319400 296 932
610 444 125
84538 1 923
43909 1 617
14563 2 756
179919 258 923
182053 2 829
15560 64 806
258660 105 474
8797 1 687
62014 23 347
26893 78 138
77875 305 903
26898 85 1001
123225 678 295
208795 7 870
68856 1 231
12465 1 866
175038 1 646
79301 128 177
78781 1 883
1304 1 296
1306 5 572
23204 1 883
47733 1 804
31465 1262 362
84998 1 815
91960 363 831
35701 391 757
34495 1 489
5741 50 657
23595 2 476
109742 1 180
13934 326 597
13937 1 91
3596 382 817
50552 1 998
279760 1 913
11540 3 160
5583 3 625
24304 288 213
221470 176 83
9834 38 147
5589 1 418
38213 1130 3
25825 575 800
245735 568 800
7754 1 226
54326 3 203
87988 60 213
25925 1 886
1701 1 211
46942 1 348
61112 233 407
287019 360 366
8334 393 612
100785 403 644
47739 7 913
196168 326 423
23376 250 375
43342 822 924
12534 5 390
115777 2 1000
104205 149 674
214700 244 514
127562 264 564
299848 75 177
5695 370 50
13321 1 456
25354 1564 423
25357 1 871
179 1 482
120036 3 522
32091 91 757
22409 298 302
124996 154 646
16541 2 669
1066 2 732
22402 1 231
255954 2 886
296100 347 619
166530 3 988
150618 302 138
82338 285 252
447 1 648
56502 267 202
27267 2 570
51203 80 856
200259 1 347
2280 257 266
98513 158 269
43680 2 570
56768 1 1018
46717 502 85
3668 138 916
2286 33 772
19687 1 267
292486 99 71
191287 194 896
117129 1 366
277085 41 866
167205 1 976
11690 345 723
165532 3 1001
57746 484 125
11455 1 845
11450 5 785
6590 311 777
98202 4 1000
135273 255 976
5036 193 423
39859 228 412
4823 1 356
64544 1 639
17129 403 843
979 1 1014
1082 20 534
977 277 985
36731 127 32
198897 30 267
41853 86 271
193710 2 115
97601 25 473
152420 6 106
75699 1 829
2117 3 866
20125 11 70
45718 293 239
62377 2 757
62375 140 50
14029 2 147
121078 234 729
1915 1 993
1916 2 40
56964 1 200
26037 35 433
12136 51 977
235857 2 340
192531 2 228
62979 292 930
11133 771 757
36396 2 185
53684 1 526
70558 2 214
45375 147 60
2758 390 843
883 337 209
232538 1 1005
884 311 958
54667 330 112
107415 2 988
54663 117 998
5211 55 1014
14156 307 458
9056 493 846
78374 50 168
59578 1 639
45879 56 375
24067 145 969
184076 1 376
18525 446 757
176602 471 185
13101 1 363
85768 342 89
14484 1 830
18303 107 202
78559 264 40
109911 1 209
119351 270 1015
44449 185 623
24322 67 217
122522 1 635
62622 4 234
48725 14 902
272688 27 252
156953 131 704
14375 511 587
68990 558 376
29473 72 587
1040 101 711
1045 182 500
9583 2 279
47854 1 947
1680 1 853
18782 116 627
188458 185 90
164128 2 1009
192398 1 815
24499 290 104
41706 1 213
14575 12 440
50367 1 768
29980 1 456
26014 1 134
24254 505 965
123235 71 279
79339 145 552
291477 2 619
94896 28 912
178504 1 252
68537 227 46
68535 622 845
8651 1 657
8652 354 710
1463 1 14
72369 119 476
258436 2 7
8738 1 589
35730 427 20
31470 1 71
66879 1 85
28900 1 552
5753 341 618
132412 2 816
30905 257 996
15353 159 924
67876 66 732
13926 1 536
4235 72 133
24789 2 1001
6449 28 169
15193 293 780
28637 1 518
50567 380 976
129924 286 612
91604 89 83
245704 1 333
151016 1 70
127429 261 981
72564 73 710
13690 270 830
131811 614 907
55737 535 705
55731 275 118
13699 23 596
32883 29 60
72764 9 95
148032 226 956
73965 129 433
27788 592 252
7436 1 628
102893 1 91
22361 124 836
110097 37 787
5683 2 75
215990 1 12
55558 1 804
253789 594 213
4192 59 529
266348 1 36
292760 535 80
119723 25 938
23417 19 1013
120592 1 392
110071 25 125
259214 430 34
125956 298 209
100087 1 577
77424 1 456
4058 8 950
145183 62 279
12347 1 739
51966 452 80
21045 529 680
60527 1 116
3617 1 4
120242 299 347
121311 5 574
119806 1 912
19696 1 261
32370 23 772
25033 6 816
166346 121 886
166347 204 50
2567 402 14
220357 1 802
2367 7 657
135043 1 6
7291 447 34
49667 2 804
7297 1 536
54989 1 100
99348 5 423
46368 1 979
5026 1 85
118252 98 149
3728 1 132
26256 50 613
36097 214 921
71688 3 387
122969 2 326
162426 5 757
4933 14 353
960 376 620
139347 367 896
6296 55 461
36251 1 428
4688 1 362
69725 21 173
6059 2 188
250309 307 347
43626 329 83
2100 329 892
42089 528 930
152744 2 866
87266 311 326
5116 583 886
2635 351 815
2636 1 534
153349 2 456
37475 2 988
136498 17 109
198837 1 112
79844 14 138
118898 336 829
79840 376 60
179025 395 843
162512 151 969
4590 2 830
2034 7 34
2033 554 47
49395 434 132
42669 17 521
42884 430 692
4843 3 1000
317000 17 191
264901 325 279
14904 1 628
33336 1 547
170060 109 921
63175 1 813
155805 2 192
99014 4 852
21423 80 421
3545 1 83
71217 1 356
83516 3 47
3234 1 997
113440 1 926
175264 1 186
168929 1 309
24074 3 704
37277 21 686
36077 4 47
32025 1 757
36073 166 52
65595 207 309
285701 2 14
85087 2 119
15168 182 790
2964 1 969
2967 1 657
2966 149 677
33933 128 474
37291 487 138
146995 7 147
255444 1 809
62633 1580 423
3042 186 486
167818 1 159
158049 1 213
45928 1 833
42699 2 476
306117 3 816
226778 958 712
40002 3 40
13001 79 546
61983 1 941
149577 297 423
67516 2 72
76674 2 526
1095 328 287
89061 357 783
89064 332 1001
118526 69 780
29999 200 853
228400 90 9
14584 262 173
18837 208 521
18002 1 162
27521 144 109
14745 232 217
82016 1 111
29681 218 601
1418 68 750
67607 147 239
47440 127 50
1410 2 536
1326 344 295
67923 1 781
88933 2 347
93729 1 530
268193 34 147
8686 17 440
176822 1 296
8137 37 584
61128 1 620
15183 3 1011
27665 96 246
151009 86 204
186559 347 802
34036 2 605
2395 499 660
1522 2 90
25807 1 292
28333 627 423
308 177 163
127128 3 203
322962 284 648
300 352 109
3950 1 947
92836 114 423
53913 1 632
228988 329 484
88334 221 391
24689 2 949
35293 689 423
51425 328 777
160908 221 1001
51354 131 1013
100250 43 892
19899 28 677
298846 3 552
50972 922 423
28151 1 205
170379 1 311
127237 1 361
213112 2 837
150994 69 261
27542 6 245
1249 132 1012
16525 299 461
73350 3 493
56165 2 313
181230 541 432
20260 429 647
6601 1 185
230579 1 896
200875 1 652
12639 532 534
177912 2 83
22425 43 170
78899 401 686
11504 607 13
69912 1 1001
117933 3 132
69266 121 650
11501 4 169
57342 201 1005
174312 114 6
100325 1 302
120302 698 423
19533 317 367
191733 84 464
19530 223 245
96752 1 674
21038 410 657
62396 1 651
18403 1 202
12189 137 705
17090 68 846
10731 1 745
141186 1 175
57767 1 807
12747 77 534
198918 1 975
153647 1 526
11439 1 974
19997 8 906
277552 1 343
97578 708 329
49656 3 391
74365 2 639
35473 1 894
143165 1 440
17697 77 186
1895 42 153
21146 442 768
16456 1 883
218104 3 596
113008 21 841
105683 237 138
293429 169 125
81849 1 181
116219 3 899
20144 110 423
244711 1 135
84094 1 587
166976 96 149
22941 49 148
84769 332 296
2735 1 733
85140 375 657
314056 3 926
74472 1 589
3424 647 520
12167 1 780
61090 2 2
4857 1 19
4856 173 846
102489 21 1004
84822 146 459
162705 358 265
45028 440 865
44281 58 998
53486 1 377
10291 432 279
58638 8 423
48294 71 381
63392 487 757
2996 1 534
11985 4 1000
157521 1 461
120902 18 1014
148768 207 372
268740 1055 807
106171 424 674
84302 1 247
227704 1 829
18815 1 680
28247 1181 34
78531 67 340
33258 2 381
710 1 792
152007 129 310
122502 1 461
80936 2 461
58259 631 926
99668 2 115
1068 100 449
211777 294 887
30699 1 50
208475 2 76
40839 492 62
30694 33 896
5304 1 786
1067 1 670
5307 86 437
84541 207 214
223880 1 7
243126 5 956
68088 1524 807
109591 410 790
226909 251 835
593 2 593
8236 307 625
273936 1 823
129785 264 311
8238 2 245
112398 1 288
31270 62 470
133898 132 138
97111 180 195
2826 4 149
24279 458 617
20216 19 400
7630 540 520
159661 163 899
14753 3 119
37139 352 33
115174 2 647
31418 1 764
118461 1 986
171562 299 773
79669 192 589
1330 53 650
445 7 120
71387 167 212
137425 2 408
141948 3 1003
51489 2 171
5777 17 153
324934 1 381
38 2 333
694 3 985
186563 166 756
27652 1 1001
30 93 1012
5571 1 186
28326 377 526
110871 1 316
7616 1 159
1539 960 780
23140 4 819
130546 287 913
228153 2 773
82225 1 794
31303 2 600
83968 171 580
248525 378 203
109155 1 623
4103 383 954
4105 94 956
38295 353 7
11229 3 864
131019 1 390
45286 5 239
140025 26 766
15248 2 401
55398 108 894
9422 3 350
119646 110 206
145475 20 233
35755 3 476
92226 1 719
207426 6 1011
28147 3 757
3895 906 547
44672 1 1014
92914 1 74
92915 779 815
171833 2 942
12621 1 364
12627 3 366
145259 56 97
28374 1 547
287112 2 817
3462 2 215
13508 1 45
5953 2 127
5952 1 976
4618 464 226
11532 1 430
155359 2 596
4070 262 449
39135 143 1009
187216 3 1013
127444 2 34
35400 1 509
43473 3 544
74579 2 534
22865 2 618
117442 1 964
32355 26 983
25017 1 984
180047 1 247
16193 2 138
26210 418 60
46166 462 684
2341 188 363
118111 261 313
2349 1289 423
208175 1 731
19983 100 50
25498 213 52
303894 333 474
153638 72 209
25491 9 536
56377 300 243
34089 313 530
21791 313 717
46614 30 390
283947 1 381
46340 138 729
128539 2 102
9117 1 159
41863 1 488
17665 1 34
16446 2 84
146754 42 639
949 1 148
947 26 292
6444 412 509
204165 1 853
52454 601 403
24874 1 913
6910 1 913
5172 2 486
5171 736 1007
9200 2 1012
36874 1 118
20172 1 775
152761 254 204
49222 76 72
121512 513 962
75395 35 800
79861 1 652
143959 1 810
278837 53 134
210749 1 343
95585 1 52
13481 1 347
4863 534 132
135481 192 924
54391 8 926
99785 198 757
9063 1 715
168631 22 938
198020 201 1000
59713 42 884
58629 1 375
21631 498 185
102899 1 47
190618 375 599
21573 756 381
17710 1 192
17358 4 500
325796 16 1021
49829 109 423
325794 76 1020
10447 9 892
325792 222 1020
325793 18 1020
190617 41 962
48514 249 846
243000 3 476
7257 27 426
146536 302 874
177739 1 291
71273 1 294
37058 4 780
53250 64 605
4485 279 521
265670 1 1016
62830 262 366
155592 257 83
33267 1 211
86798 400 83
230345 4 773
115343 4 1007
44471 41 423
17909 519 423
14619 218 67
129069 2 66
14631 4 596
85 1 674
13527 186 534
144914 1 907
13022 3 622
54633 1 536
18245 403 7
78437 3 954
6582 2097 423
3037 1 717
59913 3 366
30845 2 445
94993 423 423
31247 1 233
76437 70 456
1633 96 460
7620 398 924
17878 73 498
6874 1 983
91749 2 486
5403 516 657
14725 2 959
183279 560 836
156918 1 599
38386 2 979
58161 1 102
126406 87 969
59289 2 585
5237 3 648
86774 157 202
7713 1 152
38253 138 311
50759 176 486
72918 74 967
66625 1 227
4461 2 274
29159 259 536
34764 5 408
113465 1 539
61396 211 134
5890 4 612
8576 3 648
132753 40 83
256564 2 506
82068 29 147
13802 10 347
48981 193 104
86020 1 233
206696 200 202
22335 382 226
206698 1 455
54 2 266
19735 51 971
170429 67 846
73408 6 268
33845 2 461
245195 2 431
23428 2 353
6622 247 935
77148 1 118
132622 19 700
51711 72 144
68635 346 209
93070 2 1004
205006 42 116
3972 6 565
24732 281 628
87947 568 677
56 1 745
177020 14 440
117473 54 618
32324 1 536
60372 2 772
222242 2 423
12769 566 896
4717 947 423
4710 90 813
13620 1 688
230916 284 587
27021 1 565
90462 1 733
31939 1 888
153621 251 899
238189 1 517
221760 437 162
161389 567 979
86468 1 790
100980 1 362
87672 268 570
106372 5 350
106374 2 1002
3713 5 356
64473 91 162
52066 119 190
161878 1 453
13369 834 597
16271 10 835
90687 25 479
249702 1 836
113581 1 19
43673 150 461
2487 593 985
4903 1 52
20673 268 964
77260 5 893
56726 1 647
24845 205 628
11700 885 498
7397 6 191
990 3 710
85520 1 205
20167 2 241
128 888 639
3408 254 688
17017 30 575
38419 373 781
62270 124 512
94042 1 1002
2068 80 376
192578 484 520
13499 154 883
173853 3 773
13496 1 375
102462 904 423
70265 103 52
122186 2 181
133361 220 974
9164 1 143
325789 209 1019
10433 63 830
218590 143 638
10435 751 423
122743 240 726
33016 186 248
120923 380 228
21747 43 214
164437 281 913
201919 1 718
33018 268 958
5097 6 764
118915 54 17
8967 2 461
79178 1 80
323816 22 259
2938 1 883
16121 316 930
102134 58 767
8187 7 110
48164 644 1007
149299 1 95
87011 1 894
62661 352 414
11895 85 949
33786 223 279
26916 4 80
1648 357 804
20188 42 710
70461 3 55
14288 2 203
30477 210 819
142559 154 526
29490 300 46
232713 1 521
78704 429 192
31877 548 366
142556 3 731
89052 1 1000
123767 28 1000
2803 1 494
196509 196 843
62068 1 189
1423 3 546
68572 1 938
216539 2 469
29018 4 204
94859 2 775
243747 43 596
78517 4 735
243218 16 1000
54381 355 812
91794 101 1012
8075 198 55
199989 1 40
35883 1 912
5556 1 608
40509 38 609
9861 31 292
15460 117 1002
280259 284 423
6484 1 476
26773 62 212
26772 1 221
14425 612 846
26775 1 186
38247 3 61
53816 289 66
24504 2 996
59051 1 1015
226257 145 976
76132 21 998
140134 152 97
1515 473 248
148968 260 954
12179 1 718
1510 375 163
144527 1 434
34773 263 453
5886 2 111
93648 3 159
34579 79 825
213126 1 90
30897 1 344
6940 1 109
30890 39 986
123012 157 52
96211 1 132
28944 193 986
53497 3 185
103731 2 220
19099 46 47
19725 1 34
35559 14 114
11557 406 1015
11556 4 119
217469 1 623
32683 563 845
32680 1 970
154882 280 109
60968 343 234
93799 264 412
353 1 639
352 1 684
7503 372 97
221173 6 513
3987 1 647
359 39 189
244120 9 202
12774 2 202
101483 467 456
325797 23 1021
4706 46 55
325795 12 1021
43401 2 1001
69388 4 652
46109 195 202
201281 1 50
27369 334 638
27165 3 390
288 1 864
279847 108 823
325791 217 1019
284 720 622
287 1 511
116287 272 163
98472 1 757
38886 751 710
99302 119 742
100977 148 618
13154 3 552
281208 324 513
61984 2 526
186904 259 572
88017 226 846
24858 7 716
43061 226 756
17243 1 856
57606 113 805
7890 81 125
69094 8 524
199681 539 348
252410 1 267
191694 2 558
8548 1 109
97433 9 845
191508 1 780
238560 1 431
39936 2 817
2785 342 780
256 381 631
53388 11 371
38407 22 998
57517 118 461
2079 1 170
6308 1 715
152815 260 50
12156 1 800
167525 1 792
48570 56 60
70705 2 16
118830 633 423
113307 63 439
211962 744 646
5666 1 186
130504 2 201
62457 1 186
21595 3 849
10427 342 148
94145 61 932
33062 1 677
125448 1 800
22860 77 853
4968 259 52
98877 173 692
2673 1 622
2675 147 756
26906 229 19
15899 8 423
8555 506 524
18606 1 227
53524 278 476
48150 147 287
172617 133 971
112967 1 809
1986 330 133
290388 2 46
171208 185 623
197599 396 717
3213 201 520
1639 2 755
160392 1 437
211410 1 274
316532 254 903
59931 70 85
137633 6 83
33513 3 938
30319 1 677
562 2 834
30863 3 647
86290 57 1001
39439 1 756
27694 1 191
17815 47 52
3171 3 33
7649 4 95
188579 282 326
12971 355 95
30790 561 423
7082 4 362
29557 2 772
29006 28 865
1189 567 981
5426 1 639
722 486 48
84462 122 715
239669 403 202
23530 74 340
1169 1 612
35891 3 675
18139 355 825
27825 521 526
89756 61 718
9800 1 677
213671 36 605
129221 283 3
49 2 252
45 387 71
114842 1 894
76147 71 162
283681 2 985
272657 2 674
73649 2 981
258802 282 960
8391 28 118
100565 633 593
23627 247 181
50396 2 536
268845 443 802
123023 1 279
87768 1 291
5634 3 825
472 473 364
34146 175 768
3194 358 639
3191 1 983
28754 711 392
28977 342 885
266716 10 423
79495 1 1018
35940 1 1005
7466 26 261
