BC ID	MUT ID	STRAIN	ENV	DAY	T0	T1	T2	T3	T4
30	1012	DivAnc	SC3	1	53	375	123	92	55
45	71	DivAnc	SC3	1	263	1080	668	984	1213
49	252	DivAnc	SC3	1	2	1	0	1	2
51	993	DivAnc	SC3	1	2	0	1	2	4
53	340	DivAnc	SC3	1	213	1023	338	424	665
54	266	DivAnc	SC3	1	2	3	1	2	1
95	710	DivAnc	SC3	1	259	1482	666	857	766
99	810	DivAnc	SC3	1	1	2	1	0	2
102	488	DivAnc	SC3	1	62	136	45	75	39
107	212	DivAnc	SC3	1	1	2	2	0	1
128	639	DivAnc	SC3	1	610	2598	1848	2834	3702
151	710	DivAnc	SC3	1	530	2105	997	1275	1043
160	781	DivAnc	SC3	1	77	273	169	155	133
179	482	DivAnc	SC3	1	1	0	0	4	1
196	898	DivAnc	SC3	1	328	1611	678	1188	1288
208	337	DivAnc	SC3	1	294	1272	661	1072	1378
215	426	DivAnc	SC3	1	229	1238	653	668	629
226	526	DivAnc	SC3	1	1	3	0	2	1
227	133	DivAnc	SC3	1	70	76	81	93	39
229	266	DivAnc	SC3	1	1	1	1	2	1
233	930	DivAnc	SC3	1	209	1095	504	689	884
235	781	DivAnc	SC3	1	173	893	541	757	751
256	631	DivAnc	SC3	1	251	1590	884	1399	1312
270	806	DivAnc	SC3	1	0	1	0	1	0
279	109	DivAnc	SC3	1	120	664	343	391	458
281	272	DivAnc	SC3	1	0	0	1	0	0
284	622	DivAnc	SC3	1	493	2140	1040	1455	1774
294	149	DivAnc	SC3	1	73	135	29	28	16
300	109	DivAnc	SC3	1	228	842	380	549	485
308	163	DivAnc	SC3	1	112	482	408	646	366
359	189	DivAnc	SC3	1	38	49	46	32	21
379	111	DivAnc	SC3	1	136	713	465	742	974
387	266	DivAnc	SC3	1	511	2532	1315	1624	1927
388	26	DivAnc	SC3	1	110	678	314	499	584
411	296	DivAnc	SC3	1	315	1272	924	1206	1429
421	509	DivAnc	SC3	1	3	1	1	3	2
430	115	DivAnc	SC3	1	336	1955	1232	1677	1741
436	536	DivAnc	SC3	1	540	2828	1560	2305	2551
445	120	DivAnc	SC3	1	4	3	0	5	1
472	364	DivAnc	SC3	1	337	1844	1007	1741	2465
556	4	DivAnc	SC3	1	3	1	1	0	3
578	2	DivAnc	SC3	1	140	630	318	304	257
600	512	DivAnc	SC3	1	487	1838	1331	1567	1317
606	960	DivAnc	SC3	1	142	643	470	694	695
609	622	DivAnc	SC3	1	368	1998	873	1268	1342
610	125	DivAnc	SC3	1	303	1678	1308	1820	2297
618	318	DivAnc	SC3	1	2	1	0	0	0
627	283	DivAnc	SC3	1	0	0	0	0	1
628	212	DivAnc	SC3	1	4	2	1	0	0
637	983	DivAnc	SC3	1	9	2	7	7	5
640	855	DivAnc	SC3	1	0	0	29	1	0
675	695	DivAnc	SC3	1	3	7	0	0	0
682	474	DivAnc	SC3	1	130	374	153	174	183
694	985	DivAnc	SC3	1	3	1	1	3	0
698	376	DivAnc	SC3	1	0	1	1	2	2
705	416	DivAnc	SC3	1	0	0	0	1	0
722	48	DivAnc	SC3	1	331	1530	785	1451	1577
744	569	DivAnc	SC3	1	1	0	0	1	0
810	237	DivAnc	SC3	1	6	0	0	0	0
849	996	DivAnc	SC3	1	93	385	152	259	284
883	209	DivAnc	SC3	1	238	1417	713	887	1204
884	958	DivAnc	SC3	1	209	1272	915	1586	1475
935	983	DivAnc	SC3	1	0	1	0	0	0
947	292	DivAnc	SC3	1	19	166	100	66	64
960	620	DivAnc	SC3	1	256	1227	630	656	659
977	985	DivAnc	SC3	1	179	844	325	530	663
990	710	DivAnc	SC3	1	3	0	0	0	0
1003	518	DivAnc	SC3	1	2	4	2	1	1
1010	461	DivAnc	SC3	1	4	0	1	2	0
1040	711	DivAnc	SC3	1	73	387	282	422	551
1045	500	DivAnc	SC3	1	116	775	376	397	339
1066	732	DivAnc	SC3	1	2	2	1	2	2
1068	449	DivAnc	SC3	1	100	111	119	132	52
1078	241	DivAnc	SC3	1	0	1	0	0	0
1082	534	DivAnc	SC3	1	17	43	14	14	31
1095	287	DivAnc	SC3	1	208	1308	617	931	844
1102	33	DivAnc	SC3	1	176	819	352	451	373
1132	252	DivAnc	SC3	1	409	2131	1149	1685	1567
1143	71	DivAnc	SC3	1	241	1214	459	769	925
1175	97	DivAnc	SC3	1	9	12	7	11	1
1189	981	DivAnc	SC3	1	373	1896	966	1513	1654
1249	1012	DivAnc	SC3	1	93	465	164	122	248
1287	546	DivAnc	SC3	1	0	5	1	4	3
1306	572	DivAnc	SC3	1	4	2	6	4	2
1326	295	DivAnc	SC3	1	224	731	460	813	675
1330	650	DivAnc	SC3	1	53	51	63	69	29
1395	52	DivAnc	SC3	1	24	192	43	50	149
1418	750	DivAnc	SC3	1	67	91	113	98	49
1423	546	DivAnc	SC3	1	3	5	2	2	1
1447	988	DivAnc	SC3	1	3	2	0	2	3
1481	804	DivAnc	SC3	1	43	281	146	140	149
1510	163	DivAnc	SC3	1	247	1189	604	897	797
1515	248	DivAnc	SC3	1	305	1390	665	943	874
1539	780	DivAnc	SC3	1	669	2522	1217	1534	1345
1603	85	DivAnc	SC3	1	1	0	1	1	0
1618	639	DivAnc	SC3	1	294	1566	864	1369	1481
1627	192	DivAnc	SC3	1	91	319	107	77	38
1633	460	DivAnc	SC3	1	59	348	169	274	301
1639	755	DivAnc	SC3	1	2	0	0	0	1
1648	804	DivAnc	SC3	1	240	1326	760	1076	1268
1701	211	DivAnc	SC3	1	1	0	0	1	0
1756	769	DivAnc	SC3	1	70	372	180	265	295
1815	962	DivAnc	SC3	1	232	1333	673	878	765
1829	570	DivAnc	SC3	1	97	417	173	293	264
1852	570	DivAnc	SC3	1	96	322	290	429	277
1895	153	DivAnc	SC3	1	42	39	41	31	19
1926	544	DivAnc	SC3	1	4	0	0	1	0
1927	993	DivAnc	SC3	1	106	116	107	108	63
1986	133	DivAnc	SC3	1	205	919	287	403	303
2033	47	DivAnc	SC3	1	378	1935	1172	1420	1524
2068	376	DivAnc	SC3	1	79	106	117	91	36
2100	892	DivAnc	SC3	1	215	856	429	643	656
2117	866	DivAnc	SC3	1	3	1	1	2	4
2155	573	DivAnc	SC3	1	47	68	80	55	31
2157	423	DivAnc	SC3	1	1341	6289	3378	4456	5414
2170	423	DivAnc	SC3	1	1145	4771	2771	3553	3765
2174	984	DivAnc	SC3	1	154	444	516	788	734
2175	453	DivAnc	SC3	1	144	532	266	310	298
2191	924	DivAnc	SC3	1	50	73	69	68	33
2203	846	DivAnc	SC3	1	2	1	1	0	3
2211	826	DivAnc	SC3	1	362	1627	731	1105	1092
2227	768	DivAnc	SC3	1	0	3	2	0	2
2230	1001	DivAnc	SC3	1	245	908	482	613	886
2280	266	DivAnc	SC3	1	179	858	258	416	594
2286	772	DivAnc	SC3	1	32	34	37	37	16
2320	883	DivAnc	SC3	1	0	0	0	1	0
2341	363	DivAnc	SC3	1	138	956	590	1044	1273
2349	423	DivAnc	SC3	1	812	3861	1969	2391	2596
2367	657	DivAnc	SC3	1	7	2	2	1	1
2387	646	DivAnc	SC3	1	165	945	349	432	481
2391	983	DivAnc	SC3	1	246	1671	890	1306	1393
2394	302	DivAnc	SC3	1	3	0	1	4	2
2395	660	DivAnc	SC3	1	342	1908	1238	1910	2144
2403	204	DivAnc	SC3	1	38	37	39	58	19
2416	602	DivAnc	SC3	1	1	1	0	0	0
2487	985	DivAnc	SC3	1	394	1986	1289	1469	1556
2503	353	DivAnc	SC3	1	41	76	37	42	25
2541	374	DivAnc	SC3	1	3	7	7	7	3
2567	14	DivAnc	SC3	1	276	1609	1125	1508	1723
2635	815	DivAnc	SC3	1	234	817	427	611	671
2636	534	DivAnc	SC3	1	1	1	0	0	1
2672	715	DivAnc	SC3	1	0	0	0	2	1
2675	756	DivAnc	SC3	1	104	137	230	198	167
2689	605	DivAnc	SC3	1	102	441	167	83	59
2691	202	DivAnc	SC3	1	126	537	150	149	105
2706	16	DivAnc	SC3	1	1	0	0	45	0
2758	843	DivAnc	SC3	1	270	1426	683	1207	1632
2785	780	DivAnc	SC3	1	245	1272	724	932	976
2803	494	DivAnc	SC3	1	1	3	2	0	0
2826	149	DivAnc	SC3	1	4	0	7	6	4
2847	533	DivAnc	SC3	1	354	1748	874	1117	1312
2851	245	DivAnc	SC3	1	0	1	1	3	0
2858	323	DivAnc	SC3	1	1	1	1	2	0
2940	925	DivAnc	SC3	1	76	97	99	91	54
2958	819	DivAnc	SC3	1	1	0	0	3	0
2964	969	DivAnc	SC3	1	1	1	1	1	0
2966	677	DivAnc	SC3	1	101	400	95	101	57
3028	233	DivAnc	SC3	1	340	1318	481	558	590
3029	704	DivAnc	SC3	1	386	1595	1072	1537	1644
3042	486	DivAnc	SC3	1	126	673	311	319	344
3061	680	DivAnc	SC3	1	9	7	12	6	6
3194	639	DivAnc	SC3	1	235	1191	625	892	1250
3213	520	DivAnc	SC3	1	145	767	330	645	916
3231	423	DivAnc	SC3	1	1248	5023	2782	3740	4712
3291	520	DivAnc	SC3	1	272	1757	788	1339	1414
3293	551	DivAnc	SC3	1	2	3	1	0	0
3294	311	DivAnc	SC3	1	38	34	39	45	17
3312	953	DivAnc	SC3	1	0	1	0	0	1
3358	912	DivAnc	SC3	1	166	170	184	164	93
3385	898	DivAnc	SC3	1	0	1	0	0	0
3408	688	DivAnc	SC3	1	169	838	326	590	585
3424	520	DivAnc	SC3	1	431	1601	896	1175	1579
3451	481	DivAnc	SC3	1	8	1	1	1	0
3455	468	DivAnc	SC3	1	0	0	0	1	1
3472	574	DivAnc	SC3	1	1	2	0	1	0
3510	628	DivAnc	SC3	1	493	1889	832	1057	1011
3575	185	DivAnc	SC3	1	0	3	1	0	1
3596	817	DivAnc	SC3	1	256	935	654	991	770
3618	994	DivAnc	SC3	1	0	0	1	0	0
3668	916	DivAnc	SC3	1	90	385	114	182	150
3713	356	DivAnc	SC3	1	5	2	1	4	3
3747	520	DivAnc	SC3	1	0	1	0	1	0
3756	227	DivAnc	SC3	1	439	2425	1221	1678	1897
3830	906	DivAnc	SC3	1	55	70	28	7	4
3833	34	DivAnc	SC3	1	84	532	220	408	427
3842	274	DivAnc	SC3	1	3	0	0	0	0
3895	547	DivAnc	SC3	1	599	3742	1868	2863	3899
3972	565	DivAnc	SC3	1	6	4	0	3	2
4008	896	DivAnc	SC3	1	0	1	1	0	0
4026	48	DivAnc	SC3	1	401	1544	961	1172	1047
4036	8	DivAnc	SC3	1	278	1191	436	798	1202
4058	950	DivAnc	SC3	1	8	12	10	11	10
4070	449	DivAnc	SC3	1	176	644	317	320	385
4088	313	DivAnc	SC3	1	0	0	0	1	0
4103	954	DivAnc	SC3	1	239	1058	468	618	934
4105	956	DivAnc	SC3	1	59	264	157	206	177
4128	708	DivAnc	SC3	1	0	1	0	0	0
4148	159	DivAnc	SC3	1	306	1139	630	750	851
4159	512	DivAnc	SC3	1	160	892	454	649	547
4169	381	DivAnc	SC3	1	4	5	2	6	1
4192	529	DivAnc	SC3	1	58	60	64	63	29
4235	133	DivAnc	SC3	1	72	56	62	53	24
4244	804	DivAnc	SC3	1	0	1	0	0	0
4298	951	DivAnc	SC3	1	1	1	0	1	0
4361	181	DivAnc	SC3	1	54	42	51	44	26
4389	534	DivAnc	SC3	1	169	202	232	438	275
4485	521	DivAnc	SC3	1	188	582	199	279	480
4532	1012	DivAnc	SC3	1	416	1464	778	967	1224
4579	815	DivAnc	SC3	1	217	1006	714	919	741
4618	226	DivAnc	SC3	1	298	1519	830	1143	1030
4657	423	DivAnc	SC3	1	650	3124	1851	2776	3080
4706	55	DivAnc	SC3	1	46	49	48	53	29
4710	813	DivAnc	SC3	1	60	126	21	0	0
4717	423	DivAnc	SC3	1	670	3834	1834	2636	3235
4823	356	DivAnc	SC3	1	1	0	0	0	1
4834	627	DivAnc	SC3	1	4	0	2	1	1
4841	500	DivAnc	SC3	1	0	1	2	0	0
4856	846	DivAnc	SC3	1	121	818	434	687	678
4863	132	DivAnc	SC3	1	351	1797	924	1232	1216
4886	34	DivAnc	SC3	1	152	946	633	1025	992
4933	353	DivAnc	SC3	1	13	21	0	1	0
4954	650	DivAnc	SC3	1	27	29	32	30	15
4968	52	DivAnc	SC3	1	174	543	214	136	118
4976	751	DivAnc	SC3	1	0	0	0	0	1
4998	779	DivAnc	SC3	1	0	0	1	0	0
5015	350	DivAnc	SC3	1	286	1645	986	1259	1292
5036	423	DivAnc	SC3	1	156	277	179	165	142
5050	949	DivAnc	SC3	1	6	2	2	1	2
5057	381	DivAnc	SC3	1	18	21	28	32	6
5097	764	DivAnc	SC3	1	6	9	10	9	6
5116	886	DivAnc	SC3	1	419	1773	1019	1490	1578
5171	1007	DivAnc	SC3	1	492	2154	1182	1645	1997
5211	1014	DivAnc	SC3	1	40	108	42	29	2
5265	423	DivAnc	SC3	1	463	2273	1238	1798	1916
5266	981	DivAnc	SC3	1	5	1	0	2	1
5296	577	DivAnc	SC3	1	2	1	0	0	1
5298	968	DivAnc	SC3	1	177	954	329	651	605
5307	437	DivAnc	SC3	1	60	230	79	139	270
5388	441	DivAnc	SC3	1	0	3	5	3	1
5403	657	DivAnc	SC3	1	346	1662	616	734	775
5409	813	DivAnc	SC3	1	16	12	21	26	11
