BC_ID BC_Counts Mut_ID
73463 100 74
4026 1762 48
88718 895 763
131111 1772 534
117673 1552 522
23444 12 742
154890 1 1000
193358 2 619
5982 1272 775
10891 3696 799
55299 2 434
22262 764 20
32837 2 628
7518 1 159
52269 3 651
25069 2345 802
117348 1098 48
127490 13 856
60353 351 981
119468 1 790
139347 2264 896
130468 1 366
6794 1997 892
239041 3843 85
135031 42 119
294 16 149
69887 2 362
17650 22 954
63735 1289 390
117526 6 684
4657 5247 423
55835 1 159
276 3 149
279 700 109
22484 1285 453
158540 269 132
12011 250 718
312970 4007 456
16385 39 439
69721 1 411
81620 63 349
64678 8 148
17032 1450 226
122969 3 326
10702 1 993
46793 61 1014
8094 1 35
2515 1 830
102 58 488
103 1 877
49561 1878 566
107 1 212
4148 1366 159
16819 167 55
333 2 512
251174 1 809
185917 20 423
85186 1343 1004
102448 1 59
9411 20 500
3150 1 421
21923 1 970
57076 1153 930
11611 1387 159
45444 421 874
141948 1 1003
20521 573 898
204061 364 456
159843 1 657
33474 1911 742
41343 847 757
182063 6659 235
231986 1 894
24082 624 97
9326 1 258
17721 2170 80
17722 1 767
139936 2 162
54952 7396 381
116124 23 372
142027 31 1007
54955 346 159
8949 1471 718
3510 1648 628
2689 101 605
84058 5853 9
36027 46 717
26976 69 958
203384 22 767
99 2 810
294034 224 564
71572 1067 423
20415 1600 47
9619 2 1001
95 1271 710
48411 2 343
1627 68 192
1629 1 1012
33679 29 115
118801 1 896
54391 4 926
242849 1 74
2860 1 815
33853 45 48
59927 2563 113
132348 1073 903
5409 11 813
59108 1619 412
55240 1 597
24235 1 1012
29561 3382 423
37178 5454 692
147277 2307 439
37776 1 446
37957 288 213
37959 393 729
1756 475 769
1175 1 97
15444 2 405
8167 5911 153
76574 6 75
76576 17 302
18148 2123 1002
118898 1260 829
5537 835 32
76084 959 670
272574 1 924
1287 3 546
225276 30 596
11167 2 247
86742 1 613
682 316 474
14920 1 715
189219 344 390
229429 1649 138
8386 2465 536
73651 15 245
184539 2 903
8548 1 109
8545 165 805
15282 1256 960
4389 418 534
55115 2438 647
87336 4 149
95948 18 278
6579 8 401
4386 1 432
87807 2 271
406 1 376
73721 7 1014
143422 1 309
18805 1 1002
145925 185 213
63864 1 859
25942 1409 403
3830 4 906
3833 709 34
214400 1 965
145748 1077 330
72413 6 233
4036 2018 8
22677 3 975
28989 7 247
51278 1659 439
93228 1 843
36681 1 690
379 1658 111
91517 1 7
91841 3669 639
55025 1390 981
19140 1 149
103379 1964 256
182591 1898 9
304554 597 819
56220 2 727
89033 579 584
35440 10274 423
88639 4246 896
23877 1 886
10979 627 764
52926 1 367
4723 9 807
31903 1 421
11288 2 100
5844 1 353
21115 3 468
57261 1100 969
32006 2 780
182286 3884 476
56407 260 625
11757 2820 573
64597 40 582
12000 2319 1012
69748 5822 41
205632 51 692
250386 1 979
9241 502 111
122602 1 954
40965 1 343
38423 379 475
149136 3 599
179 1 482
17999 3 265
80107 33 442
4829 1 547
185671 2 309
29154 17 727
4532 2046 1012
21930 752 34
9408 2 228
12136 19 977
140422 1440 412
57317 3608 217
9336 1 113
48559 2346 426
317739 1 585
10158 1103 395
204079 1 261
54564 1 456
124436 308 520
313423 1 175
24170 1313 962
22805 1988 886
10395 845 623
81962 1965 700
52741 1 423
46870 29 1012
9620 243 205
37786 7 209
49315 13 149
45783 366 715
63874 1 768
320516 157 517
2691 157 202
15708 1 807
15709 16 279
54980 37 935
137077 2116 34
6812 1 313
54989 8 100
53509 1523 993
20461 1 313
216496 1 461
7326 1 479
3231 8665 423
21423 41 421
1618 2499 639
1965 1 846
268602 1 414
7329 3318 48
1610 1 55
5192 1 755
210433 1304 423
8840 5215 195
147993 1 423
41596 632 369
41772 32 393
12957 1780 864
68904 1 1009
20261 83 157
168691 39 205
302243 3775 800
3358 93 912
58683 462 88
7061 8 975
89104 1 819
29778 2617 766
169616 983 732
29596 50 326
1143 1594 71
12485 9835 423
231479 52 745
37295 1674 729
119329 198 638
5503 490 381
27607 2 924
1545 1 97
39586 502 809
47685 1 976
34098 1076 639
698 2 376
38295 954 7
38294 372 445
542 2 726
30336 1 190
233341 1224 773
78123 1 194
66370 2 1000
313378 1 792
31753 571 506
96652 14 195
145596 1 544
188605 4 177
77562 541 461
48944 159 292
9987 28 226
9984 1 1003
26256 25 613
61758 3655 177
119034 1 587
192306 4430 717
415 1 589
126670 6 896
151390 2 974
411 2403 296
5715 787 180
3827 1 71
114055 2309 956
311033 1 423
82425 1 757
188286 48 573
35325 119 381
32813 1631 866
35329 1 66
7537 2238 732
7533 1298 439
55257 1 968
65211 994 177
60338 2 89
16653 1298 996
387 3314 266
388 969 26
74037 1 456
110377 568 2
195653 1 807
10983 169 772
224358 518 506
73444 55 412
116287 2149 163
9969 1660 119
56857 1021 757
98110 1 279
3756 3210 227
2191 34 924
74105 1 674
210158 1 843
74450 3343 34
13524 2 534
224919 346 431
51825 491 742
75982 1 768
12039 1 623
2203 3 846
98597 810 231
270607 682 85
12037 103 536
143988 2390 423
36312 2 83
102958 691 1003
116219 3 899
160 204 781
17292 787 66
80170 105 690
130134 1 48
45463 1 9
4834 1 627
6358 21 780
7993 2 86
116694 11 896
11634 1254 112
42495 3999 31
140450 502 70
125888 3 423
98280 1734 985
22299 2 625
9341 2 813
9342 1 657
5298 991 968
46840 1 61
5296 1 577
10165 1678 1005
45866 1 326
49328 1 597
60664 5 401
22816 1981 846
5057 6 381
5050 2 949
1815 1259 962
1810 1 252
16906 2909 959
195318 1 757
102397 21 605
221894 1 780
106390 3 456
53975 5 986
36821 2256 646
97463 1068 246
63866 3067 423
134569 4 34
12219 2135 834
236233 3152 423
18897 3042 975
48439 5 391
49431 3 353
12123 1 1015
37373 1287 866
37372 463 569
43709 1180 979
9295 1 24
247335 1 527
175245 1240 1001
108933 502 248
238189 1 517
325791 523 1019
800 15 639
36170 1 836
18099 994 70
12925 818 555
2847 2210 533
69449 1125 456
72893 1487 775
37198 863 964
268057 1174 539
107603 2 547
38753 3 817
33980 1 333
321 1 333
37978 2 84
45848 1 930
41148 1 856
8148 338 129
30766 1 802
50279 1 1016
40785 17 453
58548 6492 362
312352 1321 171
77915 2 894
28341 20 226
50270 4146 819
51 4 993
436 4337 536
53 1119 340
30341 702 248
15592 1 746
111035 640 864
31210 1643 339
91190 1291 40
8709 1 589
47522 3236 423
132784 19 979
129941 1 724
67412 2 522
17853 1 19
3294 17 311
5606 1 111
5600 33 906
48938 1 804
15028 2 343
91225 39 202
1902 1 421
217198 1 423
92245 1 461
142556 1 731
421 2 509
1395 236 52
151360 131 767
32489 403 705
74734 1281 718
23257 181 627
22384 1367 764
60928 2 313
6426 2289 802
6428 625 4
30968 2540 935
22255 2 586
313969 340 347
233990 3 605
119564 1480 674
35660 1 246
259674 5 423
98611 1638 1002
60813 2398 112
10996 45 949
69508 25 846
5869 745 715
151211 19 652
104257 37 214
215773 3986 648
25412 2 526
17609 11 1007
46473 1525 547
17353 1316 50
74445 802 979
65680 1 639
227 39 133
226 1 526
16226 48 237
2211 1932 826
293454 2 265
43023 2 1011
154115 1005 710
151 1666 710
153457 1343 95
20718 1030 642
52165 1118 209
19833 1 84
17511 1000 962
105298 1 772
152857 1 802
85449 4 947
49150 340 864
46671 1913 890
26051 4 596
2503 36 353
11647 1 790
101866 1 279
90293 204 60
6519 1 1010
17174 1659 526
60673 1686 648
75084 40 227
39807 1 866
27944 2 211
3042 548 486
274280 1318 423
16916 1240 1002
204458 227 233
116176 1 309
21390 2 115
97478 1 607
36813 20 865
105348 1107 138
53516 1 431
125273 951 596
14852 2714 423
70365 2 153
18886 4 1014
26947 463 766
63253 1927 712
44854 593 596
14075 1 634
193897 2 729
10515 14 687
39713 837 970
18422 17 893
90727 1034 48
12932 1 183
255511 1 968
168303 1 750
112077 2 935
251856 2660 132
121620 1890 534
5266 1 981
5265 3310 423
68630 1 988
36265 592 60
48598 321 215
168237 279 505
18170 2139 618
127128 1 203
144750 3 72
14456 1463 226
11133 6335 757
18371 2421 423
30287 4397 423
11314 680 973
3029 2720 704
3028 966 233
14699 1 792
40336 1 400
142097 301 423
157827 2501 177
40331 878 4
8730 1 775
136543 3 60
13868 7374 423
31001 235 680
195818 476 431
5674 508 310
67791 1874 203
35902 1521 423
28247 7453 34
180705 35 343
6502 532 72
11008 1 1001
6504 536 165
171044 3 423
34189 50 381
23061 1490 622
4900 2 252
170060 277 921
29626 3063 921
225622 59 521
430 2901 115
126121 3 149
121260 4 970
117633 2 572
101368 1 387
163886 3867 565
180127 1168 20
23481 1508 85
8462 2 680
43238 1 438
43235 1 1007
188717 2 623
39142 54 250
19112 137 134
30973 3225 432
108300 2 742
110990 1 864
177912 7 83
556 3 4
35479 39 9
28864 1 522
110195 725 352
28861 1 362
84822 320 459
22534 326 52
172421 1 235
89227 13 954
3062 1 395
43307 1 704
166443 21 775
73939 1967 8
12516 2 843
5816 793 261
57788 4391 423
48841 1 924
96603 2219 965
25390 11 185
16586 28 26
12057 3533 119
12056 1902 468
235 1269 781
13505 2524 468
233 1474 930
2227 2 768
12699 545 50
43831 1 510
65236 1381 684
5920 2183 375
25718 8117 423
96048 422 851
64544 1 639
325275 3 1007
191558 1729 132
20705 3197 1000
7823 1 648
65542 7 1014
63663 1 91
195482 1 979
270713 83 387
90262 1 261
26269 8551 423
141904 1455 468
17761 1 132
58033 1 50
90281 636 201
134121 2 729
105571 36 457
17166 1 149
1197 2 138
172343 2204 252
18637 1 266
118978 87 366
60448 1 769
16966 1510 205
2155 32 573
2157 10107 423
2403 19 204
184803 30 119
138246 28 853
38419 643 781
5388 1 441
33720 1 804
29764 1910 809
49456 772 976
182395 1 423
7311 32 71
63089 1 947
125446 6 511
36971 2 60
90731 2 949
18414 15 125
203856 6329 423
257477 851 143
1481 248 804
10236 10 685
5494 1 768
27825 1987 526
317505 1 659
5492 1508 371
68641 2994 90
12143 169 189
21506 1 418
48580 1 886
121632 2421 159
83890 340 672
42526 1299 266
136500 1 837
109406 1 868
1132 2673 252
14442 1 650
24563 1 148
208618 530 468
14681 1 800
91429 1106 209
3014 1 717
33895 38 564
64828 950 458
13495 1 308
1003 1 518
627 1 283
31014 3 449
28387 1 133
23653 12 680
8295 2443 243
123076 1205 574
27727 3 786
205865 1 115
34385 1 279
11011 65 536
11012 1 657
23014 5 84
136155 1111 959
245671 1 1000
143394 2 547
183115 3 383
32469 1 13
110502 1999 935
256404 1 683
184485 1 644
151375 1 433
30944 1613 526
184247 547 302
170259 14 149
44808 1001 691
25630 33 1002
61303 26 170
282361 1 1001
35489 1 600
32607 1 705
26298 1708 956
28874 3244 339
93482 921 476
35647 1284 423
235139 1515 757
11488 2 205
13659 1 954
35649 2156 853
78930 9 638
89216 1 72
4169 1 381
240470 3 772
35249 9160 807
16750 35 55
19924 1982 780
208 2342 337
292524 1 938
32280 345 618
244505 525 724
25361 3835 34
166277 1 500
43006 2 618
2230 1514 1001
69781 48 235
104580 118 835
42574 1927 7
150122 511 183
5933 10 313
101268 2 339
5930 971 971
253342 724 899
260688 342 979
64577 1771 6
229 1 266
76886 6343 692
36347 983 43
4579 1206 815
32137 24 756
184728 81 13
42378 8 549
210055 1060 967
121826 1 874
104160 487 984
9379 8 162
197403 692 119
197406 3839 162
4886 1705 34
7966 3 228
38803 2060 71
98890 3621 34
1829 445 570
251508 18 893
113293 1 767
17084 107 589
42976 2222 742
4976 3 751
42203 8469 859
12265 938 376
53236 1281 625
1927 63 993
39739 2800 547
58151 1 200
146135 731 252
21469 5238 60
298300 3 723
84280 2596 547
18974 8 149
18408 944 924
69609 2 362
45612 1 898
33408 1750 423
176725 1323 132
18403 1 202
33401 991 534
14944 2 350
230214 17 771
137149 28 648
68785 191 180
3312 1 953
5482 1 1002
41534 2451 83
115612 549 170
24032 1 659
142384 4 423
20024 1 162
84607 1981 935
84357 1 147
27689 3282 1000
227068 1514 12
137360 2 423
15944 1116 930
50200 1890 162
58573 699 202
14305 1 38
265803 1 809
151754 2 807
58771 1 647
126035 11 773
26916 2 80
133261 2765 949
25825 5245 800
27585 1 186
34154 1 597
83774 27675 859
226950 130 152
8069 4 917
200116 4 888
145555 1564 439
7481 708 48
59197 18 47
59196 3509 718
291783 3 807
106517 1 175
154956 1506 592
50333 1 596
108099 12 186
288412 1326 926
34453 2 149
1102 594 33
142935 2 17
77491 1 468
51796 85 535
151532 1248 1013
59220 1 648
9816 2694 536
100100 569 439
7773 533 310
225991 2 149
88641 6 72
35496 44 815
61112 494 407
286813 705 954
8316 28 119
28847 842 362
23350 17 688
23829 2455 212
52978 789 138
140071 1 965
4159 903 512
60841 1 464
32927 49 1004
22192 520 930
59906 53 476
215 1017 426
79981 840 125
31698 2500 423
260920 1 125
578 413 2
78847 45 85
52952 25 1014
131359 1 203
34290 2 600
23911 11014 807
23912 2 455
25774 1 209
92012 2345 242
51959 2 177
154305 504 434
135633 5822 638
21078 1810 639
185604 934 309
42699 1 476
32144 160 993
6311 47 449
6395 1 685
2394 2 302
85258 352 392
105178 10 132
2391 2303 983
121837 2318 83
220492 1056 836
20611 2 1002
80197 1 519
5015 2116 350
62913 3438 118
27939 1023 461
49618 29 846
25202 4779 261
9490 1438 227
49612 442 423
49610 1 935
17143 1143 186
36755 1 877
85034 2155 954
1852 442 570
75234 7 899
6269 47 898
2170 6740 423
17096 1 891
2174 1141 984
2175 490 453
36286 1 84
118560 2 650
41430 2160 930
123505 1 347
21456 252 75
10785 2760 819
39727 37 704
10037 1110 646
121014 1186 118
71314 1008 1004
22987 703 237
849 458 996
134101 1228 34
41328 26 1001
181571 1309 50
102203 1080 925
133450 1 132
84504 1091 185
59766 460 423
10256 1294 1012
107483 1624 234
13124 1 359
13120 1087 109
176378 58 91
169144 1 925
34280 15 717
222242 1 423
24341 7 998
28478 21 431
58744 1599 817
17950 3950 639
91401 2888 935
606 1122 960
4361 26 181
600 2197 512
8075 183 55
59436 2 710
192809 1 1005
8275 3657 213
59187 1 461
637 5 983
193048 2 205
162894 399 367
1447 3 988
175000 1 802
178753 1 423
57423 694 119
47275 52 887
47270 11 110
13780 4 109
23745 8 781
23748 2818 295
79429 1 967
23585 22 809
126689 6 423
159524 19 209
11315 1 366
77260 3 893
199928 1 486
9805 2 733
9804 5 547
55043 29 47
9802 47 227
36760 1148 311
42897 1607 1001
117776 1 807
127152 1693 343
150252 37 998
111431 18 809
28856 1 763
8309 8 374
8095 1905 116
5822 1 205
39062 2084 756
4141 1 631
110528 3 623
32449 1156 313
96490 1 188
22766 14461 592
134723 2 245
14425 4102 846
116552 148 767
110252 792 733
89301 1 960
77444 843 705
77448 1 892
19653 1 613
69078 2 1014
196 2170 898
6387 28 111
4558 5 9
2541 3 374
90432 1001 60
52094 1 521
119904 1832 400
64996 2325 423
42353 3 830
135531 1 625
56331 966 780
2387 816 646
93442 3333 35
292548 103 767
10102 2 777
253259 2 739
235461 43 926
9154 926 660
140933 1465 729
9159 2 715
70546 470 133
9481 8 340
37527 1 1015
16794 1448 109
43606 7 132
4954 15 650
20489 1693 138
53219 552 566
113257 1 639
87085 1 892
83978 1 321
7347 2553 853
135841 1 1001
305110 273 506
48391 10 71
20132 1210 47
5133 28 421
3291 2388 520
44765 3 362
84757 1 337
3455 1 468
60728 1 461
150764 1697 890
33178 1709 639
36926 675 125
271831 652 958
41511 872 623
271121 1 1004
24309 26 395
18205 1 1002
44012 1770 40
71127 1376 742
7009 1 819
129116 1 780
94734 1932 843
53452 1 998
20008 1449 109
5228 2 628
83570 1159 310
21539 933 232
34872 1 877
24016 1 98
95670 2 916
179648 563 7
37095 1 887
11868 2253 47
15814 65 292
59536 3246 34
15140 1002 597
83358 2 448
147112 1 940
136766 1709 12
6890 7134 807
3061 7 680
15611 1 879
90815 2129 565
289246 67 144
7178 1 886
152382 1 979
2940 55 925
94933 2 364
143679 2 461
198267 2765 205
123797 3670 423
37891 1263 20
147571 594 967
67442 908 390
319400 1258 932
610 3934 125
14563 4 756
179919 1075 923
59408 2 618
15560 29 806
258660 709 474
62014 17 347
26893 27 138
77875 1111 903
26898 52 1001
123225 3017 295
267024 1 544
79301 465 177
31606 1 315
1306 2 572
23204 1 883
31465 7721 362
91960 594 831
35701 1497 757
5741 26 657
13934 940 597
3596 1188 817
35830 1 983
5583 1 625
12402 1 835
24304 1523 213
221470 551 83
9834 25 147
38213 10294 3
50821 2430 60
245735 8806 800
180831 1 52
87988 32 213
25925 2 886
68635 1228 209
304252 2 258
19462 1 456
287019 2149 366
8334 1365 612
100785 1370 644
196168 965 423
23376 1794 375
43342 7883 924
24666 1 843
12534 1 390
30699 1 50
104205 968 674
214700 1491 514
127562 1656 564
170352 1 371
127564 1 34
299848 46 177
5695 2402 50
25354 4969 423
120036 1 522
32091 56 757
19206 2 962
16548 1 535
22409 1361 302
124996 676 646
77697 1 381
1066 2 732
255954 1 886
296100 531 619
166530 1 988
150618 1245 138
82338 1956 252
160581 1 343
56502 151 202
27267 2 570
19660 1 802
2280 1005 266
98513 1218 269
56768 1 1018
46717 1280 85
3668 240 916
2286 16 772
292486 224 71
191287 1739 896
163496 3 102
277085 114 866
167205 1 976
11690 2090 723
165532 3 1001
57746 1962 125
6590 2703 777
98202 2 1000
135273 1911 976
5036 202 423
39859 895 412
4823 1 356
17129 3539 843
185905 2 202
1082 49 534
977 1071 985
36731 578 32
198897 1 267
41853 55 271
97601 10 473
152420 1 106
75699 1 829
2117 4 866
20125 8 70
45718 852 239
62375 778 50
14029 2 147
121078 643 729
1915 1 993
1917 1 307
1916 1 40
26037 18 433
270722 4 618
62979 969 930
79290 93 605
125956 2454 209
45375 516 60
2758 2836 843
883 1976 209
884 2492 958
54667 1509 112
54663 152 998
5211 2 1014
14156 654 458
9056 2086 846
78374 25 168
45879 32 375
223936 1 1016
24067 691 969
18837 724 521
176602 1371 185
85768 545 89
14484 1 830
18303 16 202
78559 695 40
119351 853 1015
44449 164 623
24322 707 217
272688 16 252
156953 1176 704
171208 339 623
14375 1687 587
68990 3102 376
29473 41 587
1040 913 711
1045 569 500
18782 214 627
83217 1 894
188458 311 90
24499 1761 104
109591 2287 790
7616 1 159
123235 43 279
7611 4 807
79339 641 552
94896 17 912
68537 329 46
68535 1862 845
8652 1257 710
1463 1 14
72369 808 476
35730 4045 20
66879 1 85
5753 1459 618
132412 2 816
30905 501 996
15354 1 625
15353 1382 924
67876 1026 732
48829 1 132
4235 24 133
6449 10 169
92154 1 717
15193 1408 780
28637 1 518
50567 2621 976
129924 473 612
91604 170 83
127429 681 981
72564 46 710
13690 1246 830
72561 3 866
131811 3436 907
55737 4070 705
55731 1597 118
13699 111 596
32883 19 60
148032 1482 956
28834 1 960
73965 67 433
27788 2293 252
22361 58 836
110097 44 787
253789 2562 213
4192 29 529
116539 1 827
292760 2835 80
119723 3 938
23417 12 1013
120592 1 392
110071 16 125
259214 3375 34
81692 1 1001
140134 364 97
77424 1 456
4058 10 950
145183 641 279
8282 1 825
19672 1 684
51966 2427 80
21045 2025 680
120242 676 347
121311 1 574
32370 13 772
56287 1 279
25033 1 816
166346 63 886
166347 1085 50
2567 3029 14
2367 1 657
141995 1 209
49667 2 804
59623 3 869
99348 2 423
13353 1 925
118252 11 149
36097 479 921
162426 1 757
960 1018 620
14525 1247 757
6296 104 461
36251 1 428
4688 1 362
69725 441 173
6059 172 188
250309 1357 347
43626 1825 83
2100 1069 892
42089 2467 930
152744 2 866
87266 856 326
5116 2675 886
5112 1 976
2635 1124 815
54474 1 204
2636 1 534
136498 7 109
79844 6 138
44701 1835 625
79840 1048 60
873 1 313
179025 1637 843
162512 753 969
2034 6 34
2033 2577 47
49395 2425 132
42669 2 521
42884 1378 692
4843 1 1000
108980 1 710
264901 1226 279
14904 1 628
28326 1837 526
99014 1 852
83516 2 47
170853 1 938
24074 1 704
37277 87 686
36077 1 47
36073 427 52
44635 1 618
639 1 687
15168 630 790
2967 4 657
2966 81 677
33933 477 474
37291 2960 138
146995 4 147
62633 7939 423
6874 5 983
45928 1 833
226778 6269 712
159661 942 899
13001 38 546
149577 1746 423
67516 2 72
1095 1390 287
109344 1 913
89061 2093 783
89064 1716 1001
118526 28 780
29999 657 853
228400 295 9
37854 2 400
14584 733 173
18525 1560 757
27521 102 109
14745 842 217
82016 3 111
29681 1501 601
1418 51 750
67607 1102 239
47440 55 50
94889 1 547
1326 1027 295
268193 1 147
12424 1 618
176822 1 296
8137 17 584
27665 232 246
151009 49 204
186559 1356 802
2395 3694 660
1522 2 90
28333 4667 423
308 537 163
309 2 149
322962 997 648
300 805 109
92836 578 423
30975 2 998
228988 704 484
88334 606 391
100258 1 836
35293 3009 423
51425 1981 777
160908 463 1001
51354 45 1013
100250 24 892
57606 429 805
50972 4729 423
150994 885 261
16525 821 461
181230 4158 432
20260 1247 647
6601 1 185
12639 2198 534
6438 21 687
22425 173 170
78899 2229 686
13774 2 921
11504 586 13
69912 1 1001
69266 713 650
57342 1035 1005
174312 67 6
120302 5162 423
19533 1398 367
191733 441 464
19530 570 245
21038 2346 657
12189 515 705
17090 38 846
192739 1 807
12747 40 534
11439 1 974
19997 1 906
97578 2725 329
185558 1 539
17697 55 186
1895 20 153
21146 1248 768
218104 4 596
113008 13 841
105683 1364 138
293429 804 125
124228 1 809
20144 55 423
166976 10 149
22941 21 148
37449 1 132
84769 1354 296
85140 942 657
3424 2693 520
4856 1151 846
102489 249 1004
74692 29 353
162705 3192 265
45028 1440 865
44281 2 998
10291 672 279
46825 1 775
58638 154 423
48294 100 381
63392 2925 757
99067 2 547
11985 24 1000
148768 251 372
268740 5439 807
106171 2247 674
227704 1 829
295580 1 938
41470 1 347
54732 1 710
78531 4 340
33258 6 381
152007 541 310
59655 1 684
58259 2045 926
95133 1 836
1068 52 449
211777 1308 887
29459 2 886
40839 3246 62
30694 12 896
5307 443 437
84541 1087 214
149805 1 981
243126 2 956
68088 7638 807
226909 409 835
593 1 593
8236 1991 625
129785 981 311
8238 1 245
31270 150 470
133898 630 138
97111 102 195
2826 4 149
24279 1255 617
20216 3 400
7630 2595 520
143486 232 458
37139 996 33
171562 2824 773
61147 1 926
85 1 674
79669 840 589
1330 29 650
445 1 120
113307 39 439
51503 1 792
5777 9 153
186563 505 756
30 83 1012
643 1 753
1249 394 1012
24254 5059 965
1539 2321 780
23140 1 819
130546 1417 913
228153 1 773
82225 1 794
83968 636 580
248525 1424 203
4103 1560 954
4105 284 956
187640 1590 423
11229 1 864
58161 3 102
140025 17 766
15248 3 401
55398 573 894
9422 2 350
119646 469 206
145475 14 233
35755 1 476
92226 1 719
207426 1 1011
28147 2 757
3895 7023 547
92910 1 498
92914 1 74
92915 3178 815
180335 1 802
171833 1 942
140112 274 211
145259 37 97
287112 2 817
13508 2 45
4618 1688 226
4070 609 449
39135 989 1009
127444 2 34
96340 1 87
19528 1 1000
74579 1 534
22865 1 618
117114 2 926
32355 22 983
25017 2 984
26210 1749 60
46166 2522 684
2341 2095 363
118111 1747 313
2349 4630 423
19983 118 50
25498 206 52
303894 1320 474
153638 888 209
276899 1 726
25491 3 536
155592 1282 83
34089 1156 530
21791 2794 717
46614 14 390
46340 794 729
9117 1 159
16446 1 84
146754 12 639
46294 1 252
947 101 292
6444 1817 509
52454 2904 403
5172 1 486
5171 3477 1007
36874 1 118
152761 1202 204
49222 233 72
121512 1075 962
75395 1124 800
79861 1 652
143959 1 810
278837 184 134
230679 1535 484
13481 1 347
4863 2057 132
135481 2473 924
99785 1008 757
53497 1 185
198020 783 1000
59713 37 884
21631 1281 185
190618 2719 599
21573 7550 381
325796 8 1021
49829 192 423
325794 239 1020
325795 1 1021
325792 1346 1020
325793 12 1020
190617 652 962
48514 541 846
243000 2 476
7257 15 426
146536 1036 874
3565 1 113
177739 1 291
53250 3 605
4485 819 521
265670 1 1016
62830 831 366
56377 1801 243
13399 3 25
36500 1 302
86798 1423 83
230345 1 773
137633 3 83
44471 17 423
17909 2612 423
14619 367 67
17904 2 98
272657 1 674
144914 1 907
13022 3 622
54633 1 536
18245 1374 7
78437 1 954
156868 2 677
6582 8026 423
59913 1 366
94993 1167 423
76437 32 456
179796 1 202
7620 5767 924
17878 42 498
91749 1 486
5403 1295 657
183279 2882 836
126406 546 969
59289 1 585
11155 1 732
86774 219 202
38253 778 311
50759 645 486
72918 118 967
38096 2 777
3087 1 353
29159 1770 536
34764 1 408
319376 1 431
61396 426 134
218057 1 623
279786 2 520
31989 1 621
8576 2 648
132753 24 83
253044 2 969
82068 46 147
13802 8 347
48981 1013 104
91256 3 639
206696 129 202
22335 2622 226
54 1 266
19735 236 971
170429 558 846
59931 33 85
245195 1 431
23428 2 353
6622 1492 935
132622 9 700
51711 73 144
205006 463 116
3972 2 565
24732 433 628
87947 377 677
46942 2 348
117473 437 618
60379 1 705
12769 1606 896
4717 5665 423
101103 35 494
13620 1 688
230916 1479 587
121854 1 118
153621 1615 899
221760 1942 162
161389 1735 979
86468 2 790
100980 1 362
87672 1072 570
106372 1 350
3713 3 356
64473 386 162
52066 2 190
13369 2742 597
16271 10 835
90687 8 479
85098 3 70
249702 1 836
43673 876 461
2487 2738 985
20673 980 964
24845 1553 628
11700 8490 498
7397 2 191
17524 50 513
85520 1 205
102593 1 555
2469 1 34
128 6614 639
3408 965 688
17017 2 575
16873 17 768
62270 719 512
2068 37 376
192578 2475 520
13499 952 883
13496 1 375
102462 3037 423
70265 104 52
122186 1 181
44261 2 600
133361 376 974
325789 628 1019
10433 30 830
218590 306 638
10435 2110 423
122743 923 726
33016 335 248
120923 2074 228
21747 28 214
164437 1614 913
3575 1 185
201919 2 718
33018 1309 958
5097 6 764
70606 4 110
165832 1 729
118915 20 17
8967 1 461
323816 11 259
2938 1 883
16121 1246 930
102134 34 767
8187 1 110
48164 2182 1007
149299 2 95
62661 1541 414
11895 70 949
33786 1011 279
11891 29 367
65145 3 605
1648 2143 804
20188 32 710
70461 1 55
13034 2 648
30477 868 819
142559 817 526
29490 962 46
239669 629 202
31877 2427 366
23530 498 340
119084 1 52
89052 4 1000
123767 16 1000
196509 1167 843
95585 1 52
1423 1 546
29549 1 391
58473 2 482
3799 1 111
243747 639 596
78517 1 735
243218 17 1000
54381 1324 812
8101 1 376
91794 141 1012
609 2281 622
140256 1 65
40509 18 609
9861 9 292
15460 345 1002
280259 1035 423
26773 195 212
116162 1759 162
11145 2527 687
53816 894 66
24504 2 996
226257 86 976
76132 47 998
1515 1515 248
148968 1374 954
1510 1290 163
144527 2 434
34773 1814 453
23638 3 800
93648 3 159
34579 47 825
30890 19 986
123012 82 52
28944 1111 986
103739 2 521
19099 438 47
11557 1130 1015
11556 2 119
32683 2645 845
32680 65 970
154882 789 109
60968 535 234
93799 739 412
39112 1 394
95813 1 733
7503 1433 97
221173 4 513
359 23 189
65712 1 506
244120 6 202
187100 1 381
101483 1915 456
131829 2955 845
325797 7 1021
4706 29 55
10447 5 892
43401 1 1001
69388 1 652
46109 96 202
27369 1713 638
27165 4 390
279847 1 823
16282 2 390
74472 1 589
284 2914 622
287 1 511
65595 1324 309
71273 1 294
38886 2046 710
99302 574 742
86999 15 510
100977 350 618
13154 1 552
281208 712 513
91712 1 366
186904 721 572
88017 1165 846
24858 3 716
43061 442 756
19899 18 677
7890 609 125
13527 1872 534
199681 2184 348
10730 1 287
97433 3 845
2785 1592 780
256 2169 631
53388 3 371
38407 13 998
57517 429 461
26014 1 134
152815 1930 50
12156 4 800
12153 1 272
48570 33 60
118830 3080 423
71387 565 212
211962 4020 646
135918 1 815
9647 1 930
21595 1 849
10427 559 148
94145 42 932
22860 43 853
4968 178 52
98877 1578 692
2672 1 715
2675 242 756
26906 126 19
15899 4 423
8555 1395 524
48152 1 819
53524 1915 476
48150 589 287
172617 275 971
14631 1 596
1986 490 133
1633 500 460
197599 3711 717
3213 1511 520
1639 1 755
49974 2 395
316532 2006 903
37321 1 625
33845 1 461
115343 1 1007
30319 14 677
562 1 834
30863 3 647
86290 31 1001
44096 2 47
39439 13 756
17815 29 52
188579 738 326
12971 882 95
30790 1331 423
7082 6 362
29006 24 865
1189 2806 981
218784 1 824
225441 1 434
722 2666 48
84462 195 715
78704 2426 192
67354 1 340
7291 1785 34
45286 2 239
18139 2289 825
89756 39 718
111195 1 461
213671 27 605
180985 1 935
129221 1101 3
49 2 252
45 2049 71
76147 493 162
283681 1 985
265815 1 800
73649 1 981
258802 2072 960
212553 2 446
8391 23 118
100565 1994 593
23627 812 181
266716 51 423
268845 1961 802
28199 1 780
472 4329 364
34146 694 768
3194 2101 639
3191 1 983
28754 4755 392
28977 1130 885
50396 1 536
35940 1 1005
7466 15 261
