BC_ID BC_Counts Mut_ID
78127 2 374
127010 1 625
73463 278 74
8167 6731 153
268076 1 213
4026 2761 48
239041 5164 85
131111 2509 534
23446 11 651
117673 2839 522
23444 34 742
5982 1963 775
160 482 781
10891 3814 799
55299 1 434
103548 1 547
22262 1442 20
24714 1 985
294926 1 647
30414 1 302
52269 14 651
96555 2 757
25069 3027 802
74359 1 729
127490 161 856
60353 352 981
113017 1 802
82225 3 794
88718 876 763
135031 82 119
294 221 149
69887 2 362
100704 1 802
17650 47 954
63735 2416 390
117526 9 684
4657 5893 423
55835 2 159
55833 129 855
276 74 149
43981 1 935
279 1182 109
22484 1383 453
117092 1 186
158540 627 132
12011 264 718
312970 3609 456
16385 54 439
81620 154 349
64678 9 148
17032 2127 226
64299 2 486
60093 1 215
46793 675 1014
5822 1 205
21619 2 302
102 215 488
49561 2360 566
107 2 212
4148 2111 159
16819 424 55
333 1 512
125888 2 423
185917 20 423
85186 1331 1004
102448 3 59
9411 40 500
64905 4 481
21923 1 970
98280 1752 985
11611 2362 159
45444 770 874
85430 2 912
10633 35 695
294543 1 85
45666 1 534
20521 1887 898
204061 255 456
125409 1 898
33474 2411 742
41343 1138 757
182063 7644 235
5116 3321 886
24082 834 97
139933 1 147
17721 2175 80
139936 6 162
54952 7312 381
116124 44 372
142027 43 1007
54955 901 159
8949 1978 718
18066 1 388
3510 3492 628
134506 1 941
2689 781 605
84058 3873 9
36027 63 717
102158 188 353
26976 139 958
15715 53 440
41690 1 227
62648 1 205
99 2 810
294034 148 564
71572 1885 423
20415 1909 47
9619 2 1001
95 2723 710
219159 1 926
1627 587 192
322962 1368 648
1629 1 1012
14681 2 800
33679 67 115
112227 17 209
242849 2 74
33851 1 836
33853 81 48
83859 1 988
554 1 388
59927 1991 113
132348 1614 903
58455 1 853
28560 1 7
5409 12 813
59108 2679 412
55240 3 597
151630 2 802
24235 1 1012
52618 1 1004
61147 1 926
79196 2 76
29561 4233 423
37178 5527 692
147277 3394 439
40965 1 343
115335 1 829
37957 770 213
37959 1311 729
29764 3304 809
1175 12 97
31698 3722 423
8164 1 445
76574 18 75
31127 1 754
76576 31 302
18148 2947 1002
118898 2217 829
5537 2037 32
76084 1231 670
27610 1 792
1287 5 546
225276 44 596
110836 24 190
11167 39 247
86742 1 613
5102 1 71
34376 1 979
83726 4 383
94495 2 780
29100 1 201
682 653 474
189219 511 390
229429 2353 138
8386 2964 536
73651 26 245
184539 1 903
179025 2469 843
8545 393 805
77687 1 768
15282 2022 960
4389 299 534
55115 2810 647
87336 5 149
95948 40 278
6579 292 401
87807 1 271
406 1 376
73721 44 1014
34154 2 597
145925 177 213
63864 2 859
25942 2620 403
28387 3 133
3830 122 906
3833 933 34
214400 2 965
145748 1735 330
4031 3 75
4036 2110 8
78847 76 85
307680 2 173
198789 1 177
28989 317 247
51278 1618 439
77281 2 308
93228 1 843
379 1204 111
7523 1 391
91517 1 7
91841 3612 639
107388 1 1011
55025 2426 981
370 1 256
92315 1 874
181571 1240 50
182591 2239 9
26443 2 647
304554 1232 819
56220 2 727
27727 1 786
70988 1 99
35440 14619 423
88639 4230 896
112280 1 506
6784 2 623
6786 1 764
10979 357 764
52926 2 367
4723 10 807
31903 2 421
11288 1 100
5844 268 353
222798 1 648
165832 1 729
3747 1 520
57261 2328 969
41828 2 763
117240 1 353
32006 4 780
182286 4214 476
56407 1143 625
11757 2024 573
64597 77 582
90815 3273 565
69748 4741 41
205632 82 692
9241 413 111
38423 962 475
149136 2 599
3597 1 473
154071 2 453
150618 2075 138
80107 67 442
70558 1 214
185671 2 309
29154 31 727
4532 2595 1012
21930 1623 34
42334 1 683
125300 1 716
12136 54 977
140422 2235 412
57317 5266 217
48559 2222 426
10158 1375 395
35118 1 99
54564 1 456
124436 419 520
64334 2 629
37372 1141 569
22805 2229 886
10395 1309 623
81962 2757 700
52741 3 423
46870 45 1012
9620 732 205
37786 9 209
49315 91 149
270 1 806
45783 971 715
16251 1 173
48310 1 804
85045 2 376
320516 391 517
90678 1 268
2691 906 202
25449 3 1002
15709 19 279
54980 73 935
137077 2553 34
6812 2 313
59623 4 869
53509 922 993
216496 2 461
216491 1 932
319376 1 431
302744 1 258
3231 9809 423
61396 848 134
1618 2768 639
1965 3 846
7329 3355 48
210433 1922 423
8840 3551 195
147993 1 423
41596 560 369
41772 176 393
268193 70 147
68904 3 1009
27542 3 245
20261 95 157
168691 60 205
106739 2 1014
3358 175 912
58683 1103 88
7061 11 975
207077 4 1007
29778 2327 766
169616 519 732
29596 70 326
1143 2191 71
12487 1 519
12485 11549 423
231479 111 745
64991 1 597
37295 2594 729
119329 185 638
12925 883 555
5504 1 513
5503 865 381
27607 154 924
39586 1291 809
47685 3 976
34098 1835 639
698 1 376
187640 2033 423
38294 1606 445
30336 3 190
233341 1373 773
66370 1 1000
313378 1 792
31753 1520 506
96652 54 195
145596 1 544
188605 5 177
77562 1449 461
64178 2 780
105178 31 132
66402 66 434
48944 650 292
9987 62 226
15295 2 536
230679 1690 484
2290 2 205
61758 5637 177
66083 2 947
16 1 648
192306 4528 717
126670 161 896
151390 1 974
411 2197 296
109223 2 986
73713 1 695
5715 1233 180
94401 1 802
245249 1 513
114055 2642 956
43213 2 696
154709 1 853
311033 1 423
82425 2 757
188286 75 573
66883 1 87
93239 1 165
19179 1 84
35325 253 381
32813 2707 866
7537 2003 732
61359 1 353
7533 1494 439
224131 1 612
55257 3 968
65211 2050 177
60338 8 89
16653 2677 996
387 4681 266
388 1201 26
110377 1077 2
195653 1 807
207359 1 809
31973 1 830
10986 2 106
13664 1 913
10983 933 772
224358 1026 506
73444 353 412
19778 1 392
9969 2572 119
56857 1085 757
104482 1 248
3756 4477 227
2191 73 924
195539 1 767
119534 1 383
74450 4131 34
13524 1 534
224919 629 431
51825 807 742
16726 1 252
16236 3 268
12039 1 623
2203 1 846
98597 1076 231
270607 1027 85
12037 187 536
11587 1 254
143988 3123 423
36312 4 83
41917 4 277
102958 1130 1003
17524 110 513
187888 4 959
17292 1468 66
80170 458 690
117348 1905 48
45463 1 9
74769 1 956
6358 32 780
7993 3 86
116694 16 896
104132 2 254
11634 1933 112
42495 3228 31
140450 695 70
2510 2 884
57076 1595 930
74685 3 60
2735 2 733
325795 3 1021
5298 1744 968
46840 1 61
5296 1 577
10165 2792 1005
49328 2 597
60664 5 401
22816 2935 846
179796 2 202
5057 21 381
5050 2 949
148504 1 598
1815 2368 962
16906 3166 959
195318 2 757
102397 165 605
53975 4 986
45263 7 71
42926 3 906
36821 3025 646
97463 1746 246
63866 3943 423
89061 2566 783
134569 3 34
12219 3566 834
236233 3837 423
18897 2903 975
321161 2 921
105719 1 896
48439 3 391
49431 232 353
24172 1 198
37373 2105 866
24170 1866 962
43709 1979 979
247335 2 527
175245 2223 1001
147988 1 1012
108933 880 248
800 24 639
36170 2 836
11969 2 710
83455 2 441
18099 1728 70
30183 67 190
13143 1 544
2847 3132 533
69449 1508 456
3321 1 245
72893 1763 775
63314 1 449
37198 2502 964
268057 1306 539
107603 4 547
38753 3 817
33980 1 333
37978 3 84
269053 2 896
41148 1 856
8148 1282 129
103241 1 268
29125 1 251
40785 61 453
58548 7827 362
312352 2951 171
77915 2 894
28341 35 226
50270 4815 819
25896 1 1007
17999 4 265
30341 1377 248
15592 1 746
111035 1136 864
31210 1745 339
91190 1952 40
8709 9 589
47522 4629 423
132784 44 979
129941 1 724
3294 34 311
5606 1 111
53 1800 340
100552 1 979
29681 1364 601
15028 2 343
91225 644 202
1902 4 421
15022 1 159
50279 1 1016
421 1 509
1395 362 52
1392 2 109
151360 625 767
32489 1096 705
74734 2053 718
23257 730 627
52838 1 898
22384 1428 764
12455 1 547
15334 1 133
6426 4229 802
4298 1 951
294914 1 12
6428 804 4
30968 3561 935
39159 1 173
74934 2 894
66785 1 390
18854 4 859
313969 214 347
197883 3 652
51905 1 95
233990 27 605
51901 1 969
119564 1675 674
73059 1 329
6163 2 710
259674 6 423
98611 1715 1002
60813 4521 112
10996 76 949
69508 40 846
91712 1 366
5869 1279 715
151211 49 652
104257 51 214
215773 4029 648
25412 3 526
17609 35 1007
46473 2254 547
17353 1682 50
74445 1189 979
65680 1 639
227 76 133
4710 223 813
16226 73 237
2211 2873 826
42009 1 530
5604 1 129
293454 2 265
12423 1 819
120155 1 969
12424 1 618
154115 1289 710
97053 3 726
5600 257 906
151 3819 710
153457 1960 95
2438 2 249
6794 2323 892
20718 1900 642
52165 1777 209
19833 3 84
48938 3 804
17511 1411 962
154487 22 710
146668 1 979
204675 10 524
85449 2 947
119492 1 802
179464 1 1002
323402 1 85
49150 587 864
46671 2296 890
26051 8 596
2503 112 353
203384 34 767
11647 1 790
9353 1 343
46853 1 986
99521 1 555
90293 474 60
6519 1 1010
58827 1 333
2729 1 892
17174 1708 526
60673 2745 648
75084 59 227
39807 1 866
27944 2 211
274280 1226 423
16916 2304 1002
204458 775 233
1809 1 710
51929 2 440
21390 1 115
97478 45 607
36813 79 865
105348 2198 138
53516 1 431
125273 1482 596
14852 2567 423
197792 3 407
18886 184 1014
84622 1 800
167890 1 809
26947 516 766
63253 2306 712
44854 984 596
203135 1 1013
193897 1 729
10515 43 687
39713 1176 970
18422 39 893
199572 1 423
90727 1808 48
70745 1 441
11439 2 974
814 1 960
2858 1 323
168303 1 750
112077 2 935
5461 3 461
54328 1 570
5228 1 628
106717 1 175
251856 3388 132
121620 2737 534
5266 1 981
5265 4168 423
68630 1 988
36265 1277 60
48598 1167 215
79036 63 106
71506 1 969
168237 374 505
18170 3173 618
144750 1 72
67314 1 1014
14456 1935 226
11133 5156 757
269179 140 605
18371 4145 423
30287 4760 423
11314 795 973
3029 2883 704
3028 2397 233
77909 1 119
14699 5 792
19363 1 672
179648 823 7
157827 3212 177
40331 954 4
301 2 846
26037 38 433
1237 1 988
76237 1 819
136543 2 60
13868 9018 423
31001 956 680
195818 241 431
5674 1012 310
67791 3298 203
22299 2 625
12627 1 366
137544 1 388
4353 1 544
35902 1738 423
14525 1794 757
180705 44 343
6502 960 72
11008 1 1001
6504 1486 165
171044 1 423
34189 108 381
23061 1615 622
4900 3 252
436 5249 536
29626 3791 921
225622 205 521
430 3517 115
126121 2 149
121260 2 970
117633 1 572
163886 4102 565
145713 1 371
61022 1 976
180127 1384 20
23481 3155 85
43238 1 438
43235 1 1007
188717 3 623
39142 106 250
19112 503 134
30973 1698 432
108300 6 742
6438 32 687
28883 1 574
60928 3 313
164062 1 115
35479 74 9
28864 1 522
110195 960 352
145392 1 308
84822 774 459
22534 1363 52
67588 1 312
172421 1 235
89227 20 954
3062 3 395
100150 1 746
43307 1 704
166443 53 775
55650 1 652
73939 2862 8
160908 1336 1001
5816 523 261
46199 4 969
43492 2 993
57788 8040 423
24975 3 929
96603 1928 965
25390 29 185
16586 45 26
12057 4436 119
12056 3062 468
235 1619 781
13505 3183 468
233 1949 930
2227 3 768
12699 1129 50
1 2 185
65236 1447 684
5920 2863 375
25718 11807 423
96048 474 851
33950 1 733
191558 2740 132
20705 3256 1000
7823 2 648
65542 212 1014
63663 2 91
195482 2 979
2089 2 699
270713 557 387
323419 1 13
26269 10264 423
141904 1661 468
17760 1 319
17761 1 132
58033 1 50
90281 1673 201
134121 3 729
105571 238 457
17166 2 149
7220 3 109
1197 2 138
172343 2718 252
18637 1 266
10681 1 38
118978 175 366
60448 1 769
16966 1478 205
2155 68 573
2157 12864 423
2403 38 204
184803 60 119
930 1 340
138246 44 853
38419 1696 781
36593 1 32
5388 3 441
41414 2 440
36598 1 546
9341 3 813
63533 3 104
1756 632 769
49456 1148 976
54683 1 618
54689 1 780
7311 49 71
3245 1 280
63089 2 947
36975 1 596
36971 2 60
90731 1 949
18414 24 125
203856 8726 423
257477 1414 143
175284 1 1014
61827 1 186
1481 483 804
156188 1 45
317054 1 618
10236 23 685
3150 2 421
5494 1 768
27825 2330 526
73056 1 899
5492 1679 371
68641 2945 90
12143 118 189
21506 3 418
15323 1 161
14192 1 757
48580 1 886
121632 4069 159
83890 1003 672
42526 2222 266
109406 44 868
1132 3947 252
30705 1 639
7787 1 717
24563 3 148
3018 1 492
208618 933 468
239836 80 894
91429 1604 209
7143 1 308
33895 70 564
24527 1 313
137227 1 289
64828 1368 458
8720 3 185
13495 1 308
1003 4 518
31014 1 449
628 2 212
23653 7 680
8295 2850 243
123076 1033 574
89033 916 584
268499 1 459
34385 3 279
11011 120 536
28093 1 710
23014 15 84
136155 1853 959
115284 38 524
143394 1 547
183115 1 383
155199 1 34
22631 2 130
3871 1 975
110502 1873 935
184485 1 644
145495 1 976
30944 2931 526
184247 965 302
18 1 109
170259 267 149
77875 1705 903
44808 2106 691
25630 72 1002
61303 221 170
7769 2 491
282361 3 1001
3900 3 983
26298 2339 956
28874 3645 339
93482 1470 476
35647 1861 423
235139 1707 757
11488 2 205
304281 3 687
35649 3253 853
78930 14 638
21586 1 102
98635 1 280
115933 1 639
154621 1 949
4169 5 381
240470 2 772
51327 1 618
16023 1 99
35249 12608 807
267024 1 544
19924 2676 780
208 2272 337
7244 37 868
32280 572 618
244505 730 724
25361 4289 34
43006 1 618
2230 1613 1001
69781 113 235
104580 370 835
11795 1 723
42574 3222 7
150122 1001 183
5933 30 313
5930 2145 971
253342 2961 899
260688 443 979
64571 5 979
64577 3287 6
229 1 266
7364 51 352
76886 5258 692
185905 1 202
226 3 526
36347 1307 43
4579 1776 815
19816 2 520
32137 48 756
41954 1 509
184728 766 13
42378 61 549
210055 2087 967
2529 1 781
98412 1 840
121826 1 874
104160 844 984
9379 15 162
197403 1029 119
5061 1 993
197406 1505 162
93375 4 689
4886 1719 34
7966 11 228
38803 2691 71
98890 3251 34
1829 684 570
251508 43 893
17084 236 589
2416 1 602
42976 2847 742
138785 1 835
42203 6538 859
12265 1667 376
53236 2164 625
5395 1 565
1927 118 993
39739 3803 547
44589 1 837
146135 1399 252
21469 5788 60
3472 2 574
84280 2850 547
18974 207 149
18408 1002 924
141733 172 91
20595 1 132
33408 1665 423
176725 1371 132
33401 1180 534
14944 1 350
230214 26 771
137149 35 648
161794 1 149
68785 273 180
43023 1 1011
48000 1 865
3312 1 953
41534 2417 83
115612 479 170
143723 1 647
787 1 3
142384 7 423
20024 2 162
84607 2635 935
27689 6354 1000
92268 3 119
40268 1 48
227068 1393 12
137360 2 423
15944 1922 930
14606 1 647
50200 2478 162
58573 2278 202
265803 2 809
151754 1 807
59688 1 205
126035 19 773
77923 1 1015
11195 1 415
26916 3 80
133261 3898 949
25825 3450 800
27585 1 186
37650 1 618
1031 1 313
83774 14047 859
635 1 757
226950 304 152
8069 10 917
178753 3 423
23132 1 617
145555 1481 439
7481 869 48
132516 1 249
59197 49 47
59196 4390 718
291783 7 807
28267 1 768
154956 1915 592
108099 29 186
288412 1404 926
34453 2 149
1102 1432 33
1451 1 109
152022 2 476
77491 2 468
27021 2 565
209755 16 191
51796 214 535
7570 1 267
7573 1 61
5729 1 433
50531 2 729
31547 1 652
7578 1 233
9816 2254 536
100100 1485 439
35075 1 799
7773 916 310
225991 42 149
21247 3 648
88641 651 72
35496 82 815
286813 678 954
8316 52 119
235128 1 657
28847 1280 362
23350 299 688
130593 3 186
23829 4293 212
52978 1213 138
72413 11 233
163939 1 254
4159 1523 512
86070 3 768
92702 2 957
32927 139 1004
22192 1182 930
59906 76 476
215 2242 426
117540 3 979
286254 2 211
79981 434 125
578 1110 2
52952 495 1014
273096 1 680
34290 2 600
23911 14321 807
78843 1 366
25772 1 715
82351 1 750
25774 1 209
92012 3274 242
51959 1 177
57698 1 853
154305 1144 434
135633 4687 638
21078 1991 639
4564 1 224
185604 1508 309
142556 1 731
32144 349 993
6311 76 449
168767 1 892
45422 1 206
17365 4 915
85258 1237 392
17361 1 205
86290 48 1001
2391 2936 983
121837 2677 83
11478 21 814
220492 477 836
20611 4 1002
80197 1 519
5015 2999 350
26054 1 19
62913 2876 118
125114 4 32
27939 1568 461
49618 27 846
25202 4582 261
9490 2238 227
49612 819 423
17143 900 186
85034 2945 954
1852 502 570
6269 61 898
17093 2 780
17090 80 846
2174 711 984
2175 976 453
80998 1 377
41430 1818 930
123505 1 347
21456 564 75
10785 3142 819
39727 310 704
10037 2349 646
121014 1094 118
91955 1 535
71314 2277 1004
22987 1146 237
849 663 996
134101 580 34
20581 1 209
80466 1 426
41328 22 1001
103379 673 256
102203 2188 925
133450 3 132
41057 2 308
27593 1 757
84504 1040 185
9035 1 310
59766 1337 423
10256 2377 1012
107483 2901 234
37245 1 231
186079 1 886
186070 22 536
68660 1 614
164491 1 46
13120 1683 109
41183 1 252
176378 214 91
34280 41 717
29894 4 431
264592 1 251
87672 1361 570
28478 55 431
58744 1880 817
17950 4213 639
91401 3313 935
83987 2 729
232780 1 34
29417 1 1005
606 1108 960
4361 42 181
600 3372 512
8075 868 55
144013 1 877
192809 2 1005
8275 4266 213
15193 1567 780
161453 3 473
319468 1 623
187100 8 381
162894 1044 367
1447 2 988
639 1 687
57423 965 119
47275 87 887
31635 1 986
47270 22 110
13780 12 109
23745 35 781
23748 3234 295
79429 1 967
48620 1 132
23585 47 809
126689 14 423
159524 32 209
34663 2 446
77260 3 893
199928 2 486
11312 1 597
195913 1 17
27694 1 191
59238 1 66
6460 1 745
9805 5 733
9804 2 547
55043 18 47
9802 72 227
36760 2937 311
302816 3 957
42897 2966 1001
117776 1 807
127152 1451 343
48622 5 347
150252 128 998
231176 1 20
111431 23 809
28856 5 763
8309 14 374
8097 2 866
8095 2337 116
8094 1 35
39062 2852 756
5846 2 830
93626 2 132
4141 1 631
110528 1 623
32449 1272 313
22761 3 590
22766 8074 592
134723 4 245
11145 2626 687
116552 713 767
110252 2041 733
116554 1 461
16573 1 203
77444 2211 705
82584 1 729
43574 3 896
55226 3 1001
69078 198 1014
196 2892 898
302542 1 423
6387 51 111
4558 9 9
2541 7 374
90432 1584 60
52094 1 521
119904 1553 400
38613 2 426
64996 3298 423
117153 1 819
135531 1 625
165857 4 800
56331 1709 780
2387 1676 646
93442 2746 35
292548 490 767
10102 2 777
235461 56 926
9154 1504 660
140933 2033 729
70546 417 133
98185 1 517
9481 13 340
176380 1 159
16794 2003 109
74339 2 239
43606 18 132
53142 2 523
9550 1 646
4954 29 650
9731 1 622
20489 2654 138
53219 693 566
20954 1 536
7347 3159 853
135841 3 1001
305110 734 506
48391 412 71
20132 1288 47
5133 41 421
3291 3201 520
3293 3 551
854 2 536
44765 2 362
3451 1 481
84757 1 337
150764 2071 890
33178 2205 639
36926 1296 125
271831 1165 958
41511 780 623
41516 1 95
18205 1 1002
44012 3095 40
71127 2135 742
117129 1 366
129116 1 780
62769 1 812
94734 2159 843
53452 19 998
45388 1 412
167901 1 209
20008 1504 109
18681 2 252
83570 1418 310
21539 1494 232
24016 2 98
155824 1 766
142097 558 423
37095 3 887
11868 3993 47
15814 282 292
59536 3819 34
15140 1226 597
147112 97 940
109927 10 175
136766 1872 12
6890 6284 807
3061 7 680
15611 1 879
12000 2658 1012
50221 1 868
289246 374 144
2940 98 925
192008 1 704
94933 2 364
143679 1 461
2851 1 245
198267 2827 205
123797 4644 423
37891 1767 20
157313 1 830
147571 818 967
618 1 318
151532 1569 1013
67442 1906 390
319400 2080 932
610 3097 125
43909 1 617
14563 1 756
179919 1400 923
182053 1 829
15560 63 806
258660 849 474
197181 1 366
62014 30 347
26893 71 138
24309 49 395
29668 1 453
26898 85 1001
123225 4236 295
208795 6 870
40241 1 256
79301 605 177
78781 1 883
5237 1 648
1306 2 572
23204 2 883
47733 1 804
31465 7583 362
64437 1 800
91960 1954 831
35701 2414 757
34495 1 489
5741 48 657
23595 1 476
13934 2176 597
13937 1 91
135273 2068 976
35830 1 983
279760 1 913
5583 3 625
12402 1 835
58259 2932 926
221470 848 83
9834 295 147
5589 1 418
38213 9072 3
50821 2541 60
245735 3963 800
180831 1 52
54326 1 203
87988 66 213
3598 1 835
25925 1 886
170517 1 51
3934 3 660
103739 3 521
61112 1224 407
287019 1965 366
8334 2012 612
100785 2577 644
47739 1 913
196168 1651 423
23376 2641 375
74650 1 48
43342 6442 924
24666 2 843
12534 3 390
115777 1 1000
104205 818 674
214700 1333 514
127562 1679 564
127564 1 34
299848 104 177
5695 2342 50
25354 7820 423
25357 1 871
120036 3 522
32091 100 757
22409 1732 302
124996 1038 646
16541 2 669
1066 2 732
255954 2 886
296100 1986 619
166530 2 988
82338 2884 252
447 1 648
160581 1 343
56502 1313 202
27267 3 570
51203 135 856
2280 1477 266
98513 1551 269
46717 2539 85
3668 710 916
2286 34 772
292486 427 71
191287 1537 896
163496 1 102
277085 241 866
167205 1 976
11690 2126 723
165532 22 1001
57746 3796 125
226909 1125 835
98202 3 1000
3596 1567 817
5036 431 423
4822 1 958
39859 1619 412
17129 2488 843
979 1 1014
4439 1 98
1082 73 534
977 1546 985
36731 565 32
198897 3 267
41853 79 271
97601 24 473
8555 3227 524
2117 1 866
20125 11 70
45718 1184 239
101329 2 597
190245 1 119
62375 848 50
14029 1 147
121078 1388 729
9587 1 47
294632 1 129
107550 1 569
56964 1 200
9408 1 228
270722 1 618
235857 2 340
62979 1934 930
79290 650 605
36396 1 185
53684 1 526
125956 1829 209
45375 594 60
2758 2606 843
30289 1 623
883 2569 209
232538 5 1005
884 2205 958
54667 2202 112
107415 1 988
54663 242 998
34861 1 329
5211 171 1014
14156 1309 458
9056 3062 846
78374 51 168
59578 2 639
45879 53 375
24067 854 969
95606 4 632
157549 1 116
113484 1 478
18837 1017 521
176602 2547 185
44620 1 804
85768 1523 89
84417 1 605
18303 331 202
78559 1090 40
119351 1688 1015
14488 5 151
24322 850 217
31671 1 526
122522 1 635
62622 17 234
48725 1 902
272688 29 252
156953 1062 704
14375 3041 587
68990 4310 376
29473 85 587
1040 728 711
1045 1348 500
47854 1 947
1680 1 853
18782 462 627
8256 1 1015
188458 1339 90
192398 4 815
24499 1983 104
14575 11 440
50367 2 768
29980 2 456
24254 3621 965
123235 71 279
7611 1 807
79339 1080 552
94896 48 912
68537 1020 46
68535 3705 845
8651 1 657
8652 1239 710
1463 1 14
72369 1106 476
8738 1 589
136406 1 40
35730 3016 20
66879 3 85
5753 1624 618
132412 3 816
30905 1305 996
15354 3 625
15353 895 924
67876 530 732
48829 1 132
4235 56 133
24789 1 1001
6449 21 169
213671 299 605
28637 1 518
50567 2423 976
47632 2 431
129924 1350 612
91604 669 83
245704 1 333
127429 1089 981
72564 71 710
13690 1468 830
72561 2 866
131811 3423 907
55737 4929 705
32555 1 381
55731 2587 118
13699 144 596
32883 26 60
72764 1 95
148032 1509 956
28834 2 960
4128 2 708
73965 107 433
27788 3933 252
63874 1 768
22361 149 836
24471 4 886
110097 162 787
110095 1 687
55558 2 804
253789 3203 213
4192 60 529
292760 2790 80
119723 73 938
23417 21 1013
110071 42 125
259214 3962 34
81692 1 1001
140134 1223 97
77424 5 456
4058 12 950
145183 638 279
23909 2 976
51745 1 280
19672 2 684
51966 3853 80
21045 2950 680
3617 1 4
16338 1 80
116287 2330 163
121311 2 574
19696 2 261
32370 20 772
56287 2 279
261577 1 431
166346 120 886
166347 1396 50
90415 1 587
2567 2932 14
24928 1 1001
2367 2 657
7291 2579 34
49667 4 804
54989 7 100
99348 3 423
46368 1 979
118252 257 149
26256 56 613
36097 1304 921
71688 2 387
122969 3 326
162426 1 757
4933 34 353
960 2081 620
139347 2682 896
6296 380 461
4688 1 362
69725 292 173
6059 140 188
250309 1455 347
43626 2231 83
2100 1482 892
42089 2519 930
152744 4 866
87266 1790 326
87267 2 280
2635 1407 815
2636 1 534
36898 1 985
136498 13 109
20391 1 344
79844 10 138
44701 3297 625
79840 2405 60
39498 2 482
22955 25 813
162512 690 969
4590 1 830
2034 9 34
2033 3481 47
49395 2632 132
42669 8 521
42884 1858 692
4841 1 500
4843 2 1000
637 2 983
317000 14 191
108980 2 710
264901 1673 279
14904 10 628
170060 470 921
216760 1 639
21423 71 421
83516 2 47
3234 2 997
113440 1 926
168929 2 309
24074 3 704
37277 164 686
36073 1033 52
254792 1 960
15168 963 790
2964 1 969
2967 1 657
2966 712 677
33933 1279 474
37291 3576 138
146995 6 147
62633 9408 423
39502 3 5
3042 1195 486
138965 1 578
7326 1 479
1078 2 241
306117 1 816
226778 5508 712
44034 1 573
13001 224 546
37612 1 767
1675 1 597
59603 1 952
149577 1458 423
76674 1 526
1095 2363 287
675 11 695
89064 2084 1001
118526 73 780
112543 1 252
29999 1379 853
248525 2618 203
14584 1264 173
18525 2476 757
27521 648 109
14745 929 217
82016 1 111
17851 21 421
1418 95 750
47446 1 1005
67607 1297 239
47440 110 50
238171 1 232
94889 1 547
1326 1242 295
222857 2 513
15676 1 441
117438 1 481
12957 2450 864
8686 13 440
8137 44 584
5762 1 639
2397 1 449
27665 287 246
151009 219 204
186559 1664 802
2395 3419 660
1522 1 90
28333 3947 423
308 818 163
309 1 149
140256 2 65
300 1520 109
44449 842 623
3950 1 947
92836 1001 423
34748 1 261
228988 2329 484
88334 1740 391
100258 1 836
35293 3566 423
51425 1752 777
12516 7 843
51354 120 1013
100250 58 892
19899 18 677
50972 5735 423
28151 2 205
170379 1 311
127237 1 361
105171 1 807
213112 1 837
150994 424 261
16525 1700 461
73350 35 493
56165 1 313
181230 3408 432
20260 1488 647
302243 2366 800
230579 1 896
200875 1 652
12639 3380 534
177912 1 83
22425 191 170
78899 2901 686
11504 3073 13
145475 22 233
69266 556 650
11501 1 169
57342 1722 1005
174312 109 6
120302 4265 423
19533 1835 367
191733 446 464
19530 1209 245
96752 2 674
21038 2252 657
151915 1 55
92226 1 719
12189 540 705
12188 1 119
556 1 4
192739 2 807
12747 71 534
69609 3 362
19997 4 906
277552 1 343
97578 3967 329
49656 2 391
74365 2 639
17697 553 186
1895 39 153
25240 1 887
21146 1773 768
218104 3 596
113008 13 841
4928 3 792
105683 1901 138
293429 1651 125
81849 2 181
116219 1 899
20144 100 423
84094 1 587
166976 111 149
22941 139 148
37449 1 132
84769 2014 296
85140 2019 657
148692 1 494
314056 1 926
3424 2870 520
120242 1659 347
4856 1421 846
102489 92 1004
74692 106 353
28326 1949 526
1704 1 148
162705 2276 265
45028 2345 865
44281 237 998
53486 1 377
10291 1891 279
46825 1 775
58638 65 423
48294 381 381
45804 1 241
63392 3027 757
11985 75 1000
120902 81 1014
148768 1277 372
268740 7164 807
106171 2907 674
41470 1 347
28247 9279 34
316532 1927 903
78531 335 340
33258 4 381
152007 724 310
122502 1 461
59655 1 684
24304 2303 213
1068 113 449
27408 1 1014
211777 2193 887
29459 3 886
40839 3109 62
30694 38 896
5307 383 437
84541 991 214
243126 3 956
68088 10494 807
109591 2566 790
6590 2219 777
8236 2507 625
129785 1699 311
8238 1 245
31270 401 470
133898 924 138
95057 1 34
97111 205 195
24279 2176 617
20216 129 400
3385 1 898
136212 4 835
7630 2433 520
159661 843 899
48578 1 780
37139 1944 33
148832 1 375
171562 2604 773
212693 1 468
79669 1012 589
1330 51 650
445 5 120
113307 60 439
141948 1 1003
51489 1 171
5777 17 153
38 3 333
694 1 985
186563 923 756
27652 1 1001
30 643 1012
102859 1 998
93263 1 650
1249 806 1012
7616 1 159
1539 4641 780
130546 1613 913
228153 1 773
31303 1 600
83968 596 580
228400 435 9
109155 1 623
4103 1910 954
4105 447 956
38295 1414 7
45286 3 239
140025 87 766
15248 7 401
55398 803 894
165439 2 1005
9422 1 350
119646 699 206
117933 3 132
35755 2 476
38313 1 440
24454 1 480
207426 1 1011
28147 2 757
3895 7069 547
92910 2 498
189431 1 613
92915 4337 815
22432 1 266
171833 1 942
12621 1 364
140112 667 211
145259 59 97
287112 1 817
13508 1 45
5953 3 127
56571 1 97
10844 1 925
4618 2606 226
155359 2 596
4070 1133 449
39135 1425 1009
127444 2 34
96340 3 87
6747 2 449
215886 1 209
19528 2 1000
43473 16 544
3639 1 896
117442 3 964
22865 2 618
117114 3 926
32355 25 983
25017 1 984
22058 1 278
26210 2218 60
46166 2553 684
2341 1624 363
118111 2642 313
2349 7491 423
208175 2 731
19983 278 50
25498 909 52
303894 1796 474
153638 365 209
25491 7 536
56377 2062 243
34089 1694 530
21791 2308 717
46614 36 390
46340 1205 729
9117 1 159
17665 2 34
118276 1 376
146754 35 639
82103 1 195
947 309 292
2342 1 333
6444 2266 509
52454 4565 403
6910 3 913
134280 3 596
5171 3981 1007
36874 7 118
96832 1 668
152761 1573 204
131 2 109
49222 655 72
121512 2492 962
46907 1 954
75395 675 800
79861 1 652
143959 4 810
278837 164 134
102271 2 733
95585 1 52
4863 3319 132
53816 2155 66
54391 11 926
44290 1 512
99785 1370 757
9063 1 715
113365 2 204
168631 98 938
198020 1466 1000
59713 113 884
21631 3428 185
190618 2314 599
21573 7569 381
325796 26 1021
49829 432 423
325794 301 1020
10447 2 892
325792 1533 1020
325793 16 1020
190617 351 962
48514 1206 846
18805 3 1002
7257 29 426
146536 1735 874
197481 1 815
177739 2 291
37058 1 780
63127 1 829
53250 285 605
4485 1012 521
62830 1484 366
155592 1753 83
36500 1 302
33267 1 211
86798 2133 83
230345 6 773
115343 3 1007
44471 32 423
17909 3918 423
14619 913 67
129069 2 66
112967 1 809
85 3 674
13527 1026 534
263633 1 347
13022 1 622
54633 1 536
18245 1940 7
179953 2 627
6582 10943 423
6581 1 618
59913 3 366
94993 2390 423
31247 1 233
169474 1 509
76437 84 456
171208 954 623
7620 3551 924
7721 2 271
17878 68 498
11084 1 111
6874 2 983
91749 1 486
5403 3032 657
114906 5 478
183279 3682 836
30207 2 993
58161 3 102
195963 1 403
126406 922 969
59289 1 585
248964 2 887
86774 844 202
38253 1071 311
5541 1 997
50759 1485 486
72918 443 967
38096 1 777
3087 1 353
29159 1609 536
34764 5 408
113465 6 539
131829 2680 845
279786 1 520
5890 1 612
8576 3 648
47372 1 849
132753 39 83
253044 1 969
82068 339 147
13802 12 347
48981 1337 104
91256 1 639
206696 852 202
24341 13 998
22335 2069 226
206698 2 455
753 3 453
13576 1 601
111416 2 852
54 3 266
19735 463 971
170429 361 846
245195 2 431
35568 1 635
23428 3 353
127589 1 687
6622 2072 935
77148 2 118
4008 1 896
132622 22 700
51711 296 144
68635 1970 209
205006 504 116
3972 4 565
32504 1 381
24732 1411 628
87947 2008 677
177020 10 440
13154 1 552
180546 1 366
117473 223 618
60379 1 705
32324 1 536
12769 2811 896
4717 7123 423
101103 48 494
13620 4 688
230916 1783 587
90462 2 733
57709 1 998
31939 1 888
257210 1 47
153621 1168 899
221760 2669 162
161389 3149 979
86468 2 790
100980 2 362
82206 1 652
106372 2 350
106374 2 1002
3713 2 356
64473 680 162
52066 228 190
10060 1 458
13369 4664 597
16271 9 835
90687 32 479
176137 2 802
249702 1 836
6007 1 605
43673 535 461
7435 1 426
2487 3536 985
20673 1989 964
56726 1 647
24845 1386 628
11700 8033 498
7397 3 191
85520 1 205
102593 2 555
2469 1 34
128 4905 639
3408 1517 688
17017 65 575
16873 11 768
62270 751 512
105248 1 962
94042 1 1002
2068 106 376
192578 2752 520
13499 788 883
173853 2 773
2797 1 687
102462 5510 423
99778 1 729
70265 539 52
44261 1 600
198037 1 323
133361 1126 974
9164 2 143
325789 1219 1019
10433 71 830
218590 931 638
10435 4176 423
122743 1475 726
33016 896 248
120923 2793 228
21747 44 214
164437 2015 913
3575 3 185
201919 2 718
33018 1283 958
5097 9 764
214509 4 969
118915 58 17
323816 25 259
16121 1900 930
102134 216 767
8187 2 110
152021 1 388
48164 3262 1007
62661 2785 414
11895 111 949
33786 2019 279
11891 56 367
65145 1 605
112084 1 202
1648 2441 804
20188 57 710
70461 2 55
14288 7 203
30477 1563 819
142559 1194 526
29490 1624 46
232713 1 521
239669 1741 202
31877 2990 366
231986 1 894
119084 4 52
89052 1 1000
123767 49 1000
2803 3 494
196509 1102 843
1423 5 546
29549 1 391
58473 1 482
3799 1 111
29018 2 204
243747 285 596
78517 1 735
243218 24 1000
91794 267 1012
609 3640 622
300788 1 979
40509 53 609
9861 471 292
15460 645 1002
280259 1538 423
6484 2 476
26773 168 212
116162 3111 162
14425 4373 846
38247 2 61
135481 1112 924
24504 1 996
226257 132 976
935 1 983
76132 193 998
1515 2526 248
148968 2017 954
1510 2135 163
144527 1 434
34773 1613 453
69579 1 162
35088 2 851
42532 1 387
23638 1 800
93648 2 159
34579 92 825
30890 32 986
96219 1 684
123012 500 52
267388 2 395
28944 1698 986
53497 2 185
19099 328 47
19725 1 34
35559 15 114
11557 2148 1015
11556 3 119
217469 1 623
32683 2907 845
32680 1 970
154882 1609 109
60968 1682 234
93799 1617 412
39112 1 394
352 1 684
7503 2066 97
221173 2 513
359 50 189
65712 1 506
244120 7 202
130182 1 1013
101483 3185 456
325797 8 1021
4706 49 55
120592 1 392
43401 2 1001
69388 5 652
46109 247 202
23858 2 834
27369 1640 638
27165 4 390
288 2 864
279847 196 823
325791 1022 1019
284 3896 622
65595 1214 309
3765 2 274
71273 1 294
38886 4154 710
99302 515 742
86999 3 510
100977 1266 618
32025 2 757
281208 1731 513
2170 9098 423
186904 1264 572
88017 1153 846
24858 7 716
43061 1239 756
199065 2 198
57606 950 805
7890 713 125
69094 1 524
199681 2794 348
97433 8 845
237075 1 391
238560 1 431
2785 2293 780
256 2794 631
53388 5 371
38407 18 998
36322 1 440
57517 647 461
57043 1 97
64911 1 1017
25033 3 816
152815 1729 50
12156 1 800
48570 63 60
70705 1 16
118830 3200 423
71380 1 819
71387 380 212
211962 4125 646
135918 2 815
49376 1 596
10427 1749 148
94145 52 932
33062 1 677
22860 101 853
4968 958 52
98877 1359 692
2673 2 622
2675 190 756
26906 239 19
15899 9 423
143486 679 458
18606 1 227
53524 1628 476
48150 763 287
172617 637 971
14631 1 596
1986 1640 133
290388 1 46
1633 603 460
197599 3316 717
3213 1364 520
164392 1 157
49974 1 395
176634 2 138
211410 2 274
54381 1794 812
59931 52 85
137633 2 83
44303 1 48
33513 6 938
30863 3 647
283117 1 687
30866 1 386
39439 8 756
155044 1 627
15658 1 877
17815 45 52
3171 1 33
188579 1215 326
12971 1573 95
30790 2576 423
7082 1 362
29557 3 772
29006 29 865
1189 3512 981
28573 1 819
218784 1 824
225441 1 434
29822 1 546
70979 1 316
722 2755 48
84462 529 715
175657 2 887
78704 2979 192
23530 278 340
12412 3 9
4244 1 804
1169 1 612
18139 2766 825
202179 1 829
89756 60 718
129221 1965 3
49 1 252
200116 3 888
45 1905 71
41524 1 639
76147 531 162
283681 5 985
272657 1 674
66176 1 214
73649 2 981
258802 2367 960
3190 1 119
8391 32 118
93659 2 497
8554 1 168
100565 3743 593
23627 1628 181
50396 98 536
268845 2665 802
123023 1 279
28199 1 780
85087 1 119
472 3400 364
34146 1124 768
3194 2108 639
28754 4274 392
28977 1721 885
266716 101 423
35940 1 1005
7466 32 261
34148 1 551
