BC ID	MUT ID	STRAIN	ENV	DAY	T0	T1	T2	T3	T4
30	1012	DivAnc	SC3	1	53	375	123	92	55
45	71	DivAnc	SC3	1	263	1080	668	984	1213
49	252	DivAnc	SC3	1	2	1	0	1	2
51	993	DivAnc	SC3	1	2	0	1	2	4
53	340	DivAnc	SC3	1	213	1023	338	424	665
54	266	DivAnc	SC3	1	2	3	1	2	1
95	710	DivAnc	SC3	1	259	1482	666	857	766
99	810	DivAnc	SC3	1	1	2	1	0	2
102	488	DivAnc	SC3	1	62	136	45	75	39
107	212	DivAnc	SC3	1	1	2	2	0	1
128	639	DivAnc	SC3	1	610	2598	1848	2834	3702
151	710	DivAnc	SC3	1	530	2105	997	1275	1043
160	781	DivAnc	SC3	1	77	273	169	155	133
179	482	DivAnc	SC3	1	1	0	0	4	1
196	898	DivAnc	SC3	1	328	1611	678	1188	1288
208	337	DivAnc	SC3	1	294	1272	661	1072	1378
215	426	DivAnc	SC3	1	229	1238	653	668	629
226	526	DivAnc	SC3	1	1	3	0	2	1
227	133	DivAnc	SC3	1	70	76	81	93	39
229	266	DivAnc	SC3	1	1	1	1	2	1
233	930	DivAnc	SC3	1	209	1095	504	689	884
235	781	DivAnc	SC3	1	173	893	541	757	751
256	631	DivAnc	SC3	1	251	1590	884	1399	1312
270	806	DivAnc	SC3	1	0	1	0	1	0
279	109	DivAnc	SC3	1	120	664	343	391	458
281	272	DivAnc	SC3	1	0	0	1	0	0
284	622	DivAnc	SC3	1	493	2140	1040	1455	1774
294	149	DivAnc	SC3	1	73	135	29	28	16
300	109	DivAnc	SC3	1	228	842	380	549	485
308	163	DivAnc	SC3	1	112	482	408	646	366
359	189	DivAnc	SC3	1	38	49	46	32	21
379	111	DivAnc	SC3	1	136	713	465	742	974
387	266	DivAnc	SC3	1	511	2532	1315	1624	1927
388	26	DivAnc	SC3	1	110	678	314	499	584
411	296	DivAnc	SC3	1	315	1272	924	1206	1429
421	509	DivAnc	SC3	1	3	1	1	3	2
430	115	DivAnc	SC3	1	336	1955	1232	1677	1741
436	536	DivAnc	SC3	1	540	2828	1560	2305	2551
445	120	DivAnc	SC3	1	4	3	0	5	1
472	364	DivAnc	SC3	1	337	1844	1007	1741	2465
556	4	DivAnc	SC3	1	3	1	1	0	3
578	2	DivAnc	SC3	1	140	630	318	304	257
600	512	DivAnc	SC3	1	487	1838	1331	1567	1317
606	960	DivAnc	SC3	1	142	643	470	694	695
609	622	DivAnc	SC3	1	368	1998	873	1268	1342
610	125	DivAnc	SC3	1	303	1678	1308	1820	2297
618	318	DivAnc	SC3	1	2	1	0	0	0
627	283	DivAnc	SC3	1	0	0	0	0	1
628	212	DivAnc	SC3	1	4	2	1	0	0
637	983	DivAnc	SC3	1	9	2	7	7	5
640	855	DivAnc	SC3	1	0	0	29	1	0
675	695	DivAnc	SC3	1	3	7	0	0	0
682	474	DivAnc	SC3	1	130	374	153	174	183
694	985	DivAnc	SC3	1	3	1	1	3	0
698	376	DivAnc	SC3	1	0	1	1	2	2
705	416	DivAnc	SC3	1	0	0	0	1	0
722	48	DivAnc	SC3	1	331	1530	785	1451	1577
744	569	DivAnc	SC3	1	1	0	0	1	0
810	237	DivAnc	SC3	1	6	0	0	0	0
849	996	DivAnc	SC3	1	93	385	152	259	284
883	209	DivAnc	SC3	1	238	1417	713	887	1204
884	958	DivAnc	SC3	1	209	1272	915	1586	1475
935	983	DivAnc	SC3	1	0	1	0	0	0
947	292	DivAnc	SC3	1	19	166	100	66	64
960	620	DivAnc	SC3	1	256	1227	630	656	659
977	985	DivAnc	SC3	1	179	844	325	530	663
990	710	DivAnc	SC3	1	3	0	0	0	0
1003	518	DivAnc	SC3	1	2	4	2	1	1
1010	461	DivAnc	SC3	1	4	0	1	2	0
1040	711	DivAnc	SC3	1	73	387	282	422	551
1045	500	DivAnc	SC3	1	116	775	376	397	339
1066	732	DivAnc	SC3	1	2	2	1	2	2
1068	449	DivAnc	SC3	1	100	111	119	132	52
1078	241	DivAnc	SC3	1	0	1	0	0	0
1082	534	DivAnc	SC3	1	17	43	14	14	31
1095	287	DivAnc	SC3	1	208	1308	617	931	844
1102	33	DivAnc	SC3	1	176	819	352	451	373
1132	252	DivAnc	SC3	1	409	2131	1149	1685	1567
1143	71	DivAnc	SC3	1	241	1214	459	769	925
1175	97	DivAnc	SC3	1	9	12	7	11	1
1189	981	DivAnc	SC3	1	373	1896	966	1513	1654
1249	1012	DivAnc	SC3	1	93	465	164	122	248
1287	546	DivAnc	SC3	1	0	5	1	4	3
1306	572	DivAnc	SC3	1	4	2	6	4	2
1326	295	DivAnc	SC3	1	224	731	460	813	675
1330	650	DivAnc	SC3	1	53	51	63	69	29
1395	52	DivAnc	SC3	1	24	192	43	50	149
1418	750	DivAnc	SC3	1	67	91	113	98	49
1423	546	DivAnc	SC3	1	3	5	2	2	1
1447	988	DivAnc	SC3	1	3	2	0	2	3
1481	804	DivAnc	SC3	1	43	281	146	140	149
1510	163	DivAnc	SC3	1	247	1189	604	897	797
1515	248	DivAnc	SC3	1	305	1390	665	943	874
1539	780	DivAnc	SC3	1	669	2522	1217	1534	1345
1603	85	DivAnc	SC3	1	1	0	1	1	0
1618	639	DivAnc	SC3	1	294	1566	864	1369	1481
1627	192	DivAnc	SC3	1	91	319	107	77	38
1633	460	DivAnc	SC3	1	59	348	169	274	301
1639	755	DivAnc	SC3	1	2	0	0	0	1
1648	804	DivAnc	SC3	1	240	1326	760	1076	1268
1701	211	DivAnc	SC3	1	1	0	0	1	0
1756	769	DivAnc	SC3	1	70	372	180	265	295
1815	962	DivAnc	SC3	1	232	1333	673	878	765
1829	570	DivAnc	SC3	1	97	417	173	293	264
1852	570	DivAnc	SC3	1	96	322	290	429	277
1895	153	DivAnc	SC3	1	42	39	41	31	19
1926	544	DivAnc	SC3	1	4	0	0	1	0
1927	993	DivAnc	SC3	1	106	116	107	108	63
1986	133	DivAnc	SC3	1	205	919	287	403	303
2033	47	DivAnc	SC3	1	378	1935	1172	1420	1524
2068	376	DivAnc	SC3	1	79	106	117	91	36
2100	892	DivAnc	SC3	1	215	856	429	643	656
2117	866	DivAnc	SC3	1	3	1	1	2	4
2155	573	DivAnc	SC3	1	47	68	80	55	31
2157	423	DivAnc	SC3	1	1341	6289	3378	4456	5414
2170	423	DivAnc	SC3	1	1145	4771	2771	3553	3765
2174	984	DivAnc	SC3	1	154	444	516	788	734
2175	453	DivAnc	SC3	1	144	532	266	310	298
2191	924	DivAnc	SC3	1	50	73	69	68	33
2203	846	DivAnc	SC3	1	2	1	1	0	3
2211	826	DivAnc	SC3	1	362	1627	731	1105	1092
2227	768	DivAnc	SC3	1	0	3	2	0	2
2230	1001	DivAnc	SC3	1	245	908	482	613	886
2280	266	DivAnc	SC3	1	179	858	258	416	594
2286	772	DivAnc	SC3	1	32	34	37	37	16
2320	883	DivAnc	SC3	1	0	0	0	1	0
2341	363	DivAnc	SC3	1	138	956	590	1044	1273
2349	423	DivAnc	SC3	1	812	3861	1969	2391	2596
2367	657	DivAnc	SC3	1	7	2	2	1	1
2387	646	DivAnc	SC3	1	165	945	349	432	481
2391	983	DivAnc	SC3	1	246	1671	890	1306	1393
2394	302	DivAnc	SC3	1	3	0	1	4	2
2395	660	DivAnc	SC3	1	342	1908	1238	1910	2144
2403	204	DivAnc	SC3	1	38	37	39	58	19
2416	602	DivAnc	SC3	1	1	1	0	0	0
2487	985	DivAnc	SC3	1	394	1986	1289	1469	1556
2503	353	DivAnc	SC3	1	41	76	37	42	25
2541	374	DivAnc	SC3	1	3	7	7	7	3
2567	14	DivAnc	SC3	1	276	1609	1125	1508	1723
2635	815	DivAnc	SC3	1	234	817	427	611	671
2636	534	DivAnc	SC3	1	1	1	0	0	1
2672	715	DivAnc	SC3	1	0	0	0	2	1
2675	756	DivAnc	SC3	1	104	137	230	198	167
2689	605	DivAnc	SC3	1	102	441	167	83	59
2691	202	DivAnc	SC3	1	126	537	150	149	105
2706	16	DivAnc	SC3	1	1	0	0	45	0
2758	843	DivAnc	SC3	1	270	1426	683	1207	1632
2785	780	DivAnc	SC3	1	245	1272	724	932	976
2803	494	DivAnc	SC3	1	1	3	2	0	0
2826	149	DivAnc	SC3	1	4	0	7	6	4
2847	533	DivAnc	SC3	1	354	1748	874	1117	1312
2851	245	DivAnc	SC3	1	0	1	1	3	0
2858	323	DivAnc	SC3	1	1	1	1	2	0
2940	925	DivAnc	SC3	1	76	97	99	91	54
2958	819	DivAnc	SC3	1	1	0	0	3	0
2964	969	DivAnc	SC3	1	1	1	1	1	0
2966	677	DivAnc	SC3	1	101	400	95	101	57
3028	233	DivAnc	SC3	1	340	1318	481	558	590
3029	704	DivAnc	SC3	1	386	1595	1072	1537	1644
3042	486	DivAnc	SC3	1	126	673	311	319	344
3061	680	DivAnc	SC3	1	9	7	12	6	6
3194	639	DivAnc	SC3	1	235	1191	625	892	1250
3213	520	DivAnc	SC3	1	145	767	330	645	916
3231	423	DivAnc	SC3	1	1248	5023	2782	3740	4712
3291	520	DivAnc	SC3	1	272	1757	788	1339	1414
3293	551	DivAnc	SC3	1	2	3	1	0	0
3294	311	DivAnc	SC3	1	38	34	39	45	17
3312	953	DivAnc	SC3	1	0	1	0	0	1
3358	912	DivAnc	SC3	1	166	170	184	164	93
3385	898	DivAnc	SC3	1	0	1	0	0	0
3408	688	DivAnc	SC3	1	169	838	326	590	585
3424	520	DivAnc	SC3	1	431	1601	896	1175	1579
3451	481	DivAnc	SC3	1	8	1	1	1	0
3455	468	DivAnc	SC3	1	0	0	0	1	1
3472	574	DivAnc	SC3	1	1	2	0	1	0
3510	628	DivAnc	SC3	1	493	1889	832	1057	1011
3575	185	DivAnc	SC3	1	0	3	1	0	1
3596	817	DivAnc	SC3	1	256	935	654	991	770
3618	994	DivAnc	SC3	1	0	0	1	0	0
3668	916	DivAnc	SC3	1	90	385	114	182	150
3713	356	DivAnc	SC3	1	5	2	1	4	3
3747	520	DivAnc	SC3	1	0	1	0	1	0
3756	227	DivAnc	SC3	1	439	2425	1221	1678	1897
3830	906	DivAnc	SC3	1	55	70	28	7	4
3833	34	DivAnc	SC3	1	84	532	220	408	427
3842	274	DivAnc	SC3	1	3	0	0	0	0
3895	547	DivAnc	SC3	1	599	3742	1868	2863	3899
3972	565	DivAnc	SC3	1	6	4	0	3	2
4008	896	DivAnc	SC3	1	0	1	1	0	0
4026	48	DivAnc	SC3	1	401	1544	961	1172	1047
4036	8	DivAnc	SC3	1	278	1191	436	798	1202
4058	950	DivAnc	SC3	1	8	12	10	11	10
4070	449	DivAnc	SC3	1	176	644	317	320	385
4088	313	DivAnc	SC3	1	0	0	0	1	0
4103	954	DivAnc	SC3	1	239	1058	468	618	934
4105	956	DivAnc	SC3	1	59	264	157	206	177
4128	708	DivAnc	SC3	1	0	1	0	0	0
4148	159	DivAnc	SC3	1	306	1139	630	750	851
4159	512	DivAnc	SC3	1	160	892	454	649	547
4169	381	DivAnc	SC3	1	4	5	2	6	1
4192	529	DivAnc	SC3	1	58	60	64	63	29
4235	133	DivAnc	SC3	1	72	56	62	53	24
4244	804	DivAnc	SC3	1	0	1	0	0	0
4298	951	DivAnc	SC3	1	1	1	0	1	0
4361	181	DivAnc	SC3	1	54	42	51	44	26
4389	534	DivAnc	SC3	1	169	202	232	438	275
4485	521	DivAnc	SC3	1	188	582	199	279	480
4532	1012	DivAnc	SC3	1	416	1464	778	967	1224
4579	815	DivAnc	SC3	1	217	1006	714	919	741
4618	226	DivAnc	SC3	1	298	1519	830	1143	1030
4657	423	DivAnc	SC3	1	650	3124	1851	2776	3080
4706	55	DivAnc	SC3	1	46	49	48	53	29
4710	813	DivAnc	SC3	1	60	126	21	0	0
4717	423	DivAnc	SC3	1	670	3834	1834	2636	3235
4823	356	DivAnc	SC3	1	1	0	0	0	1
4834	627	DivAnc	SC3	1	4	0	2	1	1
4841	500	DivAnc	SC3	1	0	1	2	0	0
4856	846	DivAnc	SC3	1	121	818	434	687	678
4863	132	DivAnc	SC3	1	351	1797	924	1232	1216
4886	34	DivAnc	SC3	1	152	946	633	1025	992
4933	353	DivAnc	SC3	1	13	21	0	1	0
4954	650	DivAnc	SC3	1	27	29	32	30	15
4968	52	DivAnc	SC3	1	174	543	214	136	118
4976	751	DivAnc	SC3	1	0	0	0	0	1
4998	779	DivAnc	SC3	1	0	0	1	0	0
5015	350	DivAnc	SC3	1	286	1645	986	1259	1292
5036	423	DivAnc	SC3	1	156	277	179	165	142
5050	949	DivAnc	SC3	1	6	2	2	1	2
5057	381	DivAnc	SC3	1	18	21	28	32	6
5097	764	DivAnc	SC3	1	6	9	10	9	6
5116	886	DivAnc	SC3	1	419	1773	1019	1490	1578
5171	1007	DivAnc	SC3	1	492	2154	1182	1645	1997
5211	1014	DivAnc	SC3	1	40	108	42	29	2
5265	423	DivAnc	SC3	1	463	2273	1238	1798	1916
5266	981	DivAnc	SC3	1	5	1	0	2	1
5296	577	DivAnc	SC3	1	2	1	0	0	1
5298	968	DivAnc	SC3	1	177	954	329	651	605
5307	437	DivAnc	SC3	1	60	230	79	139	270
5388	441	DivAnc	SC3	1	0	3	5	3	1
5403	657	DivAnc	SC3	1	346	1662	616	734	775
5409	813	DivAnc	SC3	1	16	12	21	26	11
5492	371	DivAnc	SC3	1	217	927	569	965	929
5494	768	DivAnc	SC3	1	1	1	0	0	1
5503	381	DivAnc	SC3	1	78	516	282	343	306
5537	32	DivAnc	SC3	1	191	1087	551	721	501
5589	418	DivAnc	SC3	1	1	1	0	0	0
5600	906	DivAnc	SC3	1	66	156	55	64	24
5604	129	DivAnc	SC3	1	1	1	0	0	0
5634	825	DivAnc	SC3	1	3	0	2	2	0
5674	310	DivAnc	SC3	1	136	544	274	403	296
5695	50	DivAnc	SC3	1	255	1324	779	1287	1441
5715	180	DivAnc	SC3	1	136	685	277	468	464
5741	657	DivAnc	SC3	1	50	48	58	53	26
5753	618	DivAnc	SC3	1	246	920	601	605	856
5777	153	DivAnc	SC3	1	16	16	13	15	9
5816	261	DivAnc	SC3	1	70	317	228	299	480
5844	353	DivAnc	SC3	1	63	155	28	3	1
5869	715	DivAnc	SC3	1	169	736	392	444	454
5890	612	DivAnc	SC3	1	4	1	4	2	0
5920	375	DivAnc	SC3	1	289	1580	787	1235	1297
5930	971	DivAnc	SC3	1	331	1247	495	606	603
5933	313	DivAnc	SC3	1	20	30	29	29	10
5941	479	DivAnc	SC3	1	0	0	1	1	0
5982	775	DivAnc	SC3	1	232	1087	405	758	733
6059	188	DivAnc	SC3	1	2	69	56	93	105
6163	710	DivAnc	SC3	1	1	2	1	1	0
6269	898	DivAnc	SC3	1	54	61	82	72	47
6296	461	DivAnc	SC3	1	37	217	70	84	58
6311	449	DivAnc	SC3	1	71	75	80	64	47
6358	780	DivAnc	SC3	1	40	32	33	43	21
6387	111	DivAnc	SC3	1	53	51	57	77	28
6426	802	DivAnc	SC3	1	460	2271	1098	1581	1377
6428	4	DivAnc	SC3	1	88	443	202	290	372
6438	687	DivAnc	SC3	1	47	32	32	43	21
6444	509	DivAnc	SC3	1	260	1261	710	1275	1087
6449	169	DivAnc	SC3	1	27	21	28	34	10
6502	72	DivAnc	SC3	1	114	533	296	349	321
6504	165	DivAnc	SC3	1	180	828	427	370	317
6532	964	DivAnc	SC3	1	1	0	1	1	0
6579	401	DivAnc	SC3	1	84	164	19	24	6
6582	423	DivAnc	SC3	1	1374	5592	3196	4448	4470
6590	777	DivAnc	SC3	1	204	1259	723	1118	1639
6622	935	DivAnc	SC3	1	173	1141	529	766	887
6720	551	DivAnc	SC3	1	1	0	0	5	0
6786	764	DivAnc	SC3	1	0	1	0	1	0
6794	892	DivAnc	SC3	1	296	1282	779	1070	1198
6890	807	DivAnc	SC3	1	659	3352	2042	3036	3970
6910	913	DivAnc	SC3	1	1	3	2	1	0
7061	975	DivAnc	SC3	1	8	11	4	9	7
7220	109	DivAnc	SC3	1	2	3	2	0	0
7244	868	DivAnc	SC3	1	18	26	0	0	0
7257	426	DivAnc	SC3	1	27	29	23	37	15
7291	34	DivAnc	SC3	1	316	1405	619	811	1043
7311	71	DivAnc	SC3	1	47	49	44	58	31
7329	48	DivAnc	SC3	1	396	1868	1109	1867	1917
7347	853	DivAnc	SC3	1	266	1794	1012	1742	1495
7364	352	DivAnc	SC3	1	19	33	7	0	0
7397	191	DivAnc	SC3	1	6	3	7	1	2
7466	261	DivAnc	SC3	1	26	32	30	25	15
7481	48	DivAnc	SC3	1	88	472	329	611	424
7503	97	DivAnc	SC3	1	263	1205	695	901	883
7518	159	DivAnc	SC3	1	2	0	0	0	1
7533	439	DivAnc	SC3	1	123	847	462	684	786
7537	732	DivAnc	SC3	1	182	1149	633	956	1339
7620	924	DivAnc	SC3	1	307	2015	1513	2571	3415
7630	520	DivAnc	SC3	1	373	1395	894	1340	1519
7773	310	DivAnc	SC3	1	141	511	170	316	324
7823	648	DivAnc	SC3	1	2	2	0	0	1
7890	125	DivAnc	SC3	1	62	397	216	396	372
7966	228	DivAnc	SC3	1	6	11	12	6	3
7993	86	DivAnc	SC3	1	2	3	2	1	2
8069	917	DivAnc	SC3	1	18	10	11	22	4
8075	55	DivAnc	SC3	1	130	458	117	106	107
8095	116	DivAnc	SC3	1	342	1330	641	983	1095
8097	866	DivAnc	SC3	1	0	2	0	0	0
8137	584	DivAnc	SC3	1	36	43	40	31	17
8148	129	DivAnc	SC3	1	160	688	266	249	217
8164	445	DivAnc	SC3	1	1	1	1	2	0
8167	153	DivAnc	SC3	1	698	3541	2239	2922	3352
8187	110	DivAnc	SC3	1	7	2	1	2	1
8236	625	DivAnc	SC3	1	224	1396	780	947	1239
8238	245	DivAnc	SC3	1	2	1	1	1	1
8275	213	DivAnc	SC3	1	446	2347	1292	1760	2125
8295	243	DivAnc	SC3	1	259	1588	906	1158	1455
8309	374	DivAnc	SC3	1	15	14	10	18	8
8316	119	DivAnc	SC3	1	55	52	59	67	28
8334	612	DivAnc	SC3	1	269	1101	608	824	822
8386	536	DivAnc	SC3	1	335	1693	1042	1282	1455
8391	118	DivAnc	SC3	1	27	32	30	33	23
8462	680	DivAnc	SC3	1	1	0	2	1	2
8545	805	DivAnc	SC3	1	84	212	91	154	113
8555	524	DivAnc	SC3	1	340	1798	811	993	855
8576	648	DivAnc	SC3	1	3	3	0	2	2
8652	710	DivAnc	SC3	1	258	823	772	862	840
8686	440	DivAnc	SC3	1	12	6	0	0	0
8709	589	DivAnc	SC3	1	0	3	0	0	1
8720	185	DivAnc	SC3	1	2	3	0	0	0
8840	195	DivAnc	SC3	1	303	2026	1584	2799	3007
8949	718	DivAnc	SC3	1	215	1062	601	922	869
9038	998	DivAnc	SC3	1	1	0	0	1	0
9056	846	DivAnc	SC3	1	313	1685	812	1063	1242
9117	159	DivAnc	SC3	1	1	1	1	1	1
9154	660	DivAnc	SC3	1	233	846	534	600	577
9241	111	DivAnc	SC3	1	62	223	138	255	292
9295	24	DivAnc	SC3	1	2	0	0	3	1
9336	113	DivAnc	SC3	1	0	0	1	0	1
9341	813	DivAnc	SC3	1	3	3	2	0	2
9342	657	DivAnc	SC3	1	0	0	0	1	1
9379	162	DivAnc	SC3	1	11	15	12	20	8
9408	228	DivAnc	SC3	1	0	1	1	1	2
9422	350	DivAnc	SC3	1	3	1	0	1	2
9481	340	DivAnc	SC3	1	8	13	10	14	8
9490	227	DivAnc	SC3	1	291	1215	697	850	873
9583	279	DivAnc	SC3	1	2	0	0	1	0
9620	205	DivAnc	SC3	1	55	420	242	241	154
9744	704	DivAnc	SC3	1	3	0	2	1	0
9802	227	DivAnc	SC3	1	84	72	112	84	47
9816	536	DivAnc	SC3	1	188	1233	656	1060	1577
9834	147	DivAnc	SC3	1	28	158	28	42	18
9861	292	DivAnc	SC3	1	23	263	50	61	7
9969	119	DivAnc	SC3	1	298	1379	558	762	986
9987	226	DivAnc	SC3	1	63	61	55	62	28
10037	646	DivAnc	SC3	1	270	1292	610	802	681
10060	458	DivAnc	SC3	1	0	1	0	1	0
10152	639	DivAnc	SC3	1	2	0	0	1	0
10158	395	DivAnc	SC3	1	154	770	461	620	660
10165	1005	DivAnc	SC3	1	279	1551	847	1058	1017
10236	685	DivAnc	SC3	1	28	23	33	26	10
10256	1012	DivAnc	SC3	1	337	1324	775	1015	789
10291	279	DivAnc	SC3	1	334	1095	520	580	444
10395	623	DivAnc	SC3	1	194	716	326	393	519
10427	148	DivAnc	SC3	1	223	972	336	471	338
10435	423	DivAnc	SC3	1	492	2202	1185	1365	1260
10447	892	DivAnc	SC3	1	9	2	4	6	5
10515	687	DivAnc	SC3	1	33	41	36	32	14
10633	695	DivAnc	SC3	1	5	23	0	1	0
10702	993	DivAnc	SC3	1	1	0	0	2	1
10785	819	DivAnc	SC3	1	360	1694	832	1248	1622
10891	799	DivAnc	SC3	1	425	2066	1219	1553	2158
10979	764	DivAnc	SC3	1	54	195	169	388	395
10983	772	DivAnc	SC3	1	120	536	129	237	119
10986	106	DivAnc	SC3	1	2	1	0	0	0
10996	949	DivAnc	SC3	1	68	75	78	75	45
11011	536	DivAnc	SC3	1	111	120	94	112	64
11133	757	DivAnc	SC3	1	530	2841	1865	3141	3564
11145	687	DivAnc	SC3	1	247	1442	846	1174	1445
11167	247	DivAnc	SC3	1	9	29	6	1	2
11195	415	DivAnc	SC3	1	0	1	0	0	0
11312	597	DivAnc	SC3	1	1	1	1	0	0
11314	973	DivAnc	SC3	1	149	581	378	562	506
11439	974	DivAnc	SC3	1	1	2	0	5	1
11450	785	DivAnc	SC3	1	2	0	0	0	0
11478	814	DivAnc	SC3	1	1	15	2	0	0
11488	205	DivAnc	SC3	1	3	2	1	3	2
11501	169	DivAnc	SC3	1	4	1	1	0	0
11504	13	DivAnc	SC3	1	415	1726	651	786	385
11556	119	DivAnc	SC3	1	4	3	1	2	2
11557	1015	DivAnc	SC3	1	282	1181	618	765	711
11611	159	DivAnc	SC3	1	221	1304	755	969	879
11634	112	DivAnc	SC3	1	202	1071	596	749	721
11690	723	DivAnc	SC3	1	223	1209	603	812	1234
11700	498	DivAnc	SC3	1	631	4199	2835	3929	4662
11757	573	DivAnc	SC3	1	271	1167	891	1417	1650
11868	47	DivAnc	SC3	1	389	2174	1053	1463	1331
11891	367	DivAnc	SC3	1	38	56	45	45	28
11895	949	DivAnc	SC3	1	85	111	115	112	70
11985	1000	DivAnc	SC3	1	3	47	8	25	14
12000	1012	DivAnc	SC3	1	279	1478	781	1178	1414
12011	718	DivAnc	SC3	1	53	154	110	200	158
12037	536	DivAnc	SC3	1	193	185	192	185	102
12056	468	DivAnc	SC3	1	353	1713	817	1252	1130
12057	119	DivAnc	SC3	1	437	2399	1455	2300	2051
12123	1015	DivAnc	SC3	1	0	0	2	1	1
12136	977	DivAnc	SC3	1	50	54	53	78	19
12143	189	DivAnc	SC3	1	7	69	75	133	103
12189	705	DivAnc	SC3	1	86	307	173	235	318
12219	834	DivAnc	SC3	1	394	1977	863	1283	1298
12265	376	DivAnc	SC3	1	184	926	479	508	553
12402	835	DivAnc	SC3	1	0	1	0	0	1
12424	618	DivAnc	SC3	1	4	1	1	1	1
12485	423	DivAnc	SC3	1	940	5826	3238	4580	5333
12534	390	DivAnc	SC3	1	5	3	0	3	1
12621	364	DivAnc	SC3	1	1	1	0	1	0
12627	366	DivAnc	SC3	1	3	1	0	4	0
12639	534	DivAnc	SC3	1	337	1803	884	1217	1274
12694	463	DivAnc	SC3	1	1	0	1	0	0
12699	50	DivAnc	SC3	1	126	634	258	354	322
12747	534	DivAnc	SC3	1	77	71	67	76	40
12769	896	DivAnc	SC3	1	363	1574	720	856	947
12925	555	DivAnc	SC3	1	98	483	265	364	476
12957	864	DivAnc	SC3	1	349	1399	616	1116	1066
12971	95	DivAnc	SC3	1	246	886	362	627	527
13001	546	DivAnc	SC3	1	58	137	54	65	28
13120	109	DivAnc	SC3	1	196	986	479	727	687
13134	880	DivAnc	SC3	1	1	0	1	0	0
13154	552	DivAnc	SC3	1	3	1	0	2	1
13369	597	DivAnc	SC3	1	559	2561	1076	1392	1612
13399	25	DivAnc	SC3	1	0	0	0	0	1
13481	347	DivAnc	SC3	1	1	0	0	0	1
13499	883	DivAnc	SC3	1	109	470	315	426	579
13505	468	DivAnc	SC3	1	344	1747	1043	1426	1445
13524	534	DivAnc	SC3	1	1	1	0	0	2
13527	534	DivAnc	SC3	1	130	593	573	1106	1108
13576	601	DivAnc	SC3	1	0	1	2	1	0
13620	688	DivAnc	SC3	1	1	4	3	8	1
13690	830	DivAnc	SC3	1	192	813	569	830	727
13699	596	DivAnc	SC3	1	19	91	49	52	70
13780	109	DivAnc	SC3	1	18	12	11	11	4
13802	347	DivAnc	SC3	1	10	12	16	7	8
13868	423	DivAnc	SC3	1	1155	4728	2755	3885	4074
13934	597	DivAnc	SC3	1	215	1214	525	737	553
14029	147	DivAnc	SC3	1	2	1	1	0	2
14075	634	DivAnc	SC3	1	1	0	0	1	1
14156	458	DivAnc	SC3	1	209	754	417	476	419
14375	587	DivAnc	SC3	1	348	1705	879	1193	1028
14425	846	DivAnc	SC3	1	424	2337	1240	2080	2325
14442	650	DivAnc	SC3	1	2	0	0	2	1
14456	226	DivAnc	SC3	1	200	1032	522	775	852
14488	151	DivAnc	SC3	1	0	2	0	0	0
14525	757	DivAnc	SC3	1	204	958	553	713	746
14563	756	DivAnc	SC3	1	2	1	1	0	4
14575	440	DivAnc	SC3	1	11	6	0	0	0
14584	173	DivAnc	SC3	1	169	688	328	427	456
14619	67	DivAnc	SC3	1	139	508	194	268	231
14680	918	DivAnc	SC3	1	3	0	0	0	0
14699	792	DivAnc	SC3	1	1	5	2	1	1
14745	217	DivAnc	SC3	1	158	531	412	472	518
14852	423	DivAnc	SC3	1	362	1565	1309	1851	1724
14944	350	DivAnc	SC3	1	1	1	1	0	2
15028	343	DivAnc	SC3	1	2	2	1	1	2
15140	597	DivAnc	SC3	1	162	712	444	542	622
15168	790	DivAnc	SC3	1	114	560	245	377	383
15183	1011	DivAnc	SC3	1	3	0	0	0	0
15193	780	DivAnc	SC3	1	200	891	576	797	848
15248	401	DivAnc	SC3	1	2	7	7	4	3
15282	960	DivAnc	SC3	1	241	1102	592	863	739
15320	439	DivAnc	SC3	1	0	0	1	2	0
15323	161	DivAnc	SC3	1	0	1	0	0	0
15353	924	DivAnc	SC3	1	113	505	366	593	832
15444	405	DivAnc	SC3	1	0	0	1	2	2
15460	1002	DivAnc	SC3	1	76	358	78	144	213
15560	806	DivAnc	SC3	1	63	63	71	71	29
15592	746	DivAnc	SC3	1	2	1	2	3	1
15709	279	DivAnc	SC3	1	23	18	23	33	16
15715	440	DivAnc	SC3	1	9	27	0	0	0
15814	292	DivAnc	SC3	1	59	171	56	23	41
15944	930	DivAnc	SC3	1	158	1079	611	870	692
16023	99	DivAnc	SC3	1	3	1	1	2	0
16121	930	DivAnc	SC3	1	208	1053	514	687	718
16193	138	DivAnc	SC3	1	2	0	1	1	0
16226	237	DivAnc	SC3	1	79	72	74	67	48
16236	268	DivAnc	SC3	1	7	2	0	0	0
16271	835	DivAnc	SC3	1	10	9	12	12	10
16319	428	DivAnc	SC3	1	2	0	1	1	0
16338	80	DivAnc	SC3	1	0	1	0	0	0
16385	439	DivAnc	SC3	1	63	54	48	75	39
16525	461	DivAnc	SC3	1	221	967	370	449	491
16548	535	DivAnc	SC3	1	0	0	0	1	1
16573	203	DivAnc	SC3	1	1	1	4	0	0
16586	26	DivAnc	SC3	1	51	45	62	44	28
16653	996	DivAnc	SC3	1	277	1472	566	773	766
16728	998	DivAnc	SC3	1	2	0	0	0	0
16750	55	DivAnc	SC3	1	0	0	0	0	22
16794	109	DivAnc	SC3	1	216	1110	401	863	873
16819	55	DivAnc	SC3	1	87	245	114	119	100
16873	768	DivAnc	SC3	1	22	11	24	28	17
16906	959	DivAnc	SC3	1	324	1705	954	1448	1718
16916	1002	DivAnc	SC3	1	239	1249	633	791	728
16966	205	DivAnc	SC3	1	172	872	531	955	896
17017	575	DivAnc	SC3	1	17	35	8	3	2
17032	226	DivAnc	SC3	1	244	1172	620	954	864
17084	589	DivAnc	SC3	1	38	135	59	60	63
17090	846	DivAnc	SC3	1	68	80	88	92	38
17129	843	DivAnc	SC3	1	297	1396	1027	1423	2061
17143	186	DivAnc	SC3	1	74	496	401	515	701
17166	149	DivAnc	SC3	1	2	2	0	0	1
17174	526	DivAnc	SC3	1	183	978	691	931	1003
17292	66	DivAnc	SC3	1	175	884	546	679	496
17353	50	DivAnc	SC3	1	229	995	593	919	800
17358	500	DivAnc	SC3	1	4	0	3	2	0
17511	962	DivAnc	SC3	1	171	778	489	651	597
17524	513	DivAnc	SC3	1	88	110	100	94	50
17609	1007	DivAnc	SC3	1	43	35	37	28	11
17650	954	DivAnc	SC3	1	46	47	36	43	22
17697	186	DivAnc	SC3	1	54	291	33	71	34
17721	80	DivAnc	SC3	1	264	1211	799	1070	1257
17722	767	DivAnc	SC3	1	2	0	0	1	1
17761	132	DivAnc	SC3	1	2	1	0	1	1
17815	52	DivAnc	SC3	1	47	45	46	48	29
17851	421	DivAnc	SC3	1	0	10	0	0	0
17878	498	DivAnc	SC3	1	71	68	74	66	42
17909	423	DivAnc	SC3	1	358	2124	1137	1505	1545
17950	639	DivAnc	SC3	1	444	2319	1436	2047	2279
18099	70	DivAnc	SC3	1	156	949	388	539	612
18139	825	DivAnc	SC3	1	240	1573	785	1237	1395
18148	1002	DivAnc	SC3	1	317	1588	932	1149	1259
18170	618	DivAnc	SC3	1	269	1764	697	1106	1283
18205	1002	DivAnc	SC3	1	0	1	1	1	1
18245	7	DivAnc	SC3	1	263	1108	587	857	834
18303	202	DivAnc	SC3	1	71	180	73	56	13
18371	423	DivAnc	SC3	1	328	2257	964	1318	1418
18408	924	DivAnc	SC3	1	122	576	369	473	573
18414	125	DivAnc	SC3	1	16	24	20	15	15
18422	893	DivAnc	SC3	1	44	38	40	41	17
18525	757	DivAnc	SC3	1	288	1413	762	916	934
18782	627	DivAnc	SC3	1	85	269	150	191	137
18805	1002	DivAnc	SC3	1	3	3	0	3	1
18837	521	DivAnc	SC3	1	135	552	271	295	440
18886	1014	DivAnc	SC3	1	56	102	29	11	4
18897	975	DivAnc	SC3	1	304	1637	959	1322	1778
18974	149	DivAnc	SC3	1	69	117	21	12	8
19099	47	DivAnc	SC3	1	34	188	74	164	253
19112	134	DivAnc	SC3	1	32	280	132	159	97
19206	962	DivAnc	SC3	1	0	0	5	0	2
19394	174	DivAnc	SC3	1	1	0	0	0	0
19530	245	DivAnc	SC3	1	145	695	300	483	349
19533	367	DivAnc	SC3	1	224	1025	545	778	837
19672	684	DivAnc	SC3	1	0	2	2	0	1
19735	971	DivAnc	SC3	1	36	257	115	132	137
19816	520	DivAnc	SC3	1	2	2	1	3	0
19833	84	DivAnc	SC3	1	0	3	0	3	1
19874	552	DivAnc	SC3	1	1	0	0	1	0
19899	677	DivAnc	SC3	1	28	18	24	27	18
19924	780	DivAnc	SC3	1	239	1478	915	923	1165
19983	50	DivAnc	SC3	1	65	170	163	278	93
19997	906	DivAnc	SC3	1	8	4	5	8	1
20008	109	DivAnc	SC3	1	208	856	635	808	859
20024	162	DivAnc	SC3	1	1	2	1	0	1
20125	70	DivAnc	SC3	1	11	11	15	15	8
20132	47	DivAnc	SC3	1	78	684	382	633	724
20167	241	DivAnc	SC3	1	2	0	1	3	0
20188	710	DivAnc	SC3	1	42	57	53	60	31
20216	400	DivAnc	SC3	1	13	73	10	11	3
20260	647	DivAnc	SC3	1	315	854	533	686	775
20261	157	DivAnc	SC3	1	13	60	44	36	48
20329	5	DivAnc	SC3	1	0	0	0	14	0
20415	47	DivAnc	SC3	1	284	1062	666	815	926
20489	138	DivAnc	SC3	1	273	1488	793	1110	968
20521	898	DivAnc	SC3	1	196	1014	328	492	320
20588	924	DivAnc	SC3	1	0	0	1	1	0
20611	1002	DivAnc	SC3	1	4	4	2	4	2
20673	964	DivAnc	SC3	1	174	1127	439	645	585
20705	1000	DivAnc	SC3	1	343	1760	929	1513	1846
20718	642	DivAnc	SC3	1	189	1048	516	844	660
21038	657	DivAnc	SC3	1	285	1273	832	1183	1393
21045	680	DivAnc	SC3	1	348	1634	770	893	1225
21078	639	DivAnc	SC3	1	250	1100	672	902	1062
21115	468	DivAnc	SC3	1	1	0	1	3	3
21146	768	DivAnc	SC3	1	297	1119	695	1025	826
21423	421	DivAnc	SC3	1	80	71	86	94	41
21456	75	DivAnc	SC3	1	82	325	148	126	153
21469	60	DivAnc	SC3	1	612	3042	1962	2772	2963
21506	418	DivAnc	SC3	1	1	3	0	1	1
21539	232	DivAnc	SC3	1	138	821	432	645	563
21573	381	DivAnc	SC3	1	557	3922	2504	3306	4241
21595	849	DivAnc	SC3	1	3	0	0	2	1
21631	185	DivAnc	SC3	1	344	1851	835	834	768
21747	214	DivAnc	SC3	1	43	43	52	45	27
21791	717	DivAnc	SC3	1	225	1270	856	1398	1675
21930	34	DivAnc	SC3	1	193	902	565	692	468
22192	930	DivAnc	SC3	1	142	639	309	359	310
22255	586	DivAnc	SC3	1	0	0	0	0	1
22262	20	DivAnc	SC3	1	152	811	344	352	461
22299	625	DivAnc	SC3	1	2	2	2	2	2
22335	226	DivAnc	SC3	1	258	1136	789	1210	1532
22361	836	DivAnc	SC3	1	123	149	139	119	58
22384	764	DivAnc	SC3	1	147	822	521	842	801
22402	231	DivAnc	SC3	1	1	0	0	1	0
22409	302	DivAnc	SC3	1	213	1000	638	974	825
22425	170	DivAnc	SC3	1	25	115	53	96	101
22484	453	DivAnc	SC3	1	159	787	396	495	752
22534	52	DivAnc	SC3	1	142	768	189	258	208
22631	130	DivAnc	SC3	1	0	1	0	0	0
22766	592	DivAnc	SC3	1	779	4389	4589	7523	7596
22805	886	DivAnc	SC3	1	284	1257	656	839	1153
22816	846	DivAnc	SC3	1	257	1665	811	1236	1236
22860	853	DivAnc	SC3	1	76	99	84	82	42
22865	618	DivAnc	SC3	1	2	2	3	3	1
22941	148	DivAnc	SC3	1	32	85	52	65	16
22955	813	DivAnc	SC3	1	22	17	0	0	0
22987	237	DivAnc	SC3	1	112	681	283	420	434
23010	912	DivAnc	SC3	1	2	0	1	0	0
23014	84	DivAnc	SC3	1	21	15	15	12	5
23061	622	DivAnc	SC3	1	166	870	614	833	897
23140	819	DivAnc	SC3	1	4	0	0	6	1
23204	883	DivAnc	SC3	1	1	2	4	1	1
23257	627	DivAnc	SC3	1	65	408	174	222	121
23350	688	DivAnc	SC3	1	40	154	65	41	12
23376	375	DivAnc	SC3	1	182	1493	908	1042	1073
23417	1013	DivAnc	SC3	1	19	21	29	26	11
23428	353	DivAnc	SC3	1	2	3	6	3	2
23444	742	DivAnc	SC3	1	50	34	25	34	12
23481	85	DivAnc	SC3	1	283	1684	818	892	871
23530	340	DivAnc	SC3	1	52	197	187	319	331
23585	809	DivAnc	SC3	1	29	47	35	43	22
23627	181	DivAnc	SC3	1	163	909	515	596	511
23745	781	DivAnc	SC3	1	17	35	30	28	8
23748	295	DivAnc	SC3	1	359	1804	1022	1701	1705
23829	212	DivAnc	SC3	1	422	2387	1026	1384	1499
23911	807	DivAnc	SC3	1	1337	7053	3439	5090	5920
23912	455	DivAnc	SC3	1	0	0	0	0	1
24016	98	DivAnc	SC3	1	3	2	1	2	1
24067	969	DivAnc	SC3	1	100	480	337	366	417
24082	97	DivAnc	SC3	1	92	442	171	228	387
24170	962	DivAnc	SC3	1	193	1040	546	551	799
24172	198	DivAnc	SC3	1	0	1	2	1	0
24235	1012	DivAnc	SC3	1	3	1	0	1	1
24254	965	DivAnc	SC3	1	372	2016	1415	1963	2890
24279	617	DivAnc	SC3	1	303	1173	722	837	773
24304	213	DivAnc	SC3	1	180	1278	614	935	884
24309	395	DivAnc	SC3	1	47	49	40	32	26
24322	217	DivAnc	SC3	1	49	501	251	390	426
24341	998	DivAnc	SC3	1	22	13	15	28	7
24392	597	DivAnc	SC3	1	2	0	0	0	0
24454	480	DivAnc	SC3	1	0	1	0	0	0
24471	886	DivAnc	SC3	1	0	4	0	0	0
24499	104	DivAnc	SC3	1	207	1090	642	979	1025
24504	996	DivAnc	SC3	1	2	1	1	2	2
24563	148	DivAnc	SC3	1	6	3	3	6	1
24714	985	DivAnc	SC3	1	1	1	0	1	0
24732	628	DivAnc	SC3	1	202	796	352	369	279
24845	628	DivAnc	SC3	1	143	807	444	601	912
24858	716	DivAnc	SC3	1	7	7	4	3	3
24975	929	DivAnc	SC3	1	0	1	0	0	0
25017	984	DivAnc	SC3	1	1	1	1	1	2
25033	816	DivAnc	SC3	1	6	3	2	4	1
25069	802	DivAnc	SC3	1	368	1672	1013	1357	1377
25202	261	DivAnc	SC3	1	464	2499	1595	2391	2772
25354	423	DivAnc	SC3	1	1063	4159	2431	3272	2961
25361	34	DivAnc	SC3	1	421	2343	1435	2164	2222
25390	185	DivAnc	SC3	1	25	29	26	33	11
25424	902	DivAnc	SC3	1	6	0	1	0	0
25491	536	DivAnc	SC3	1	9	7	5	7	3
25498	52	DivAnc	SC3	1	136	505	225	175	127
25630	1002	DivAnc	SC3	1	60	72	68	65	33
25718	423	DivAnc	SC3	1	1400	6073	3420	4531	4578
25742	648	DivAnc	SC3	1	1	0	1	1	0
25825	800	DivAnc	SC3	1	456	1976	1328	2153	3000
25925	886	DivAnc	SC3	1	1	1	0	1	2
25942	403	DivAnc	SC3	1	268	1476	763	928	861
26037	433	DivAnc	SC3	1	35	38	36	34	18
26051	596	DivAnc	SC3	1	7	8	11	7	4
26054	19	DivAnc	SC3	1	1	1	1	0	0
26210	60	DivAnc	SC3	1	293	1279	682	1074	1047
26256	613	DivAnc	SC3	1	50	56	51	62	25
26269	423	DivAnc	SC3	1	1235	5200	2974	3947	4660
26298	956	DivAnc	SC3	1	215	1312	763	1030	1067
26773	212	DivAnc	SC3	1	53	121	164	209	134
26893	138	DivAnc	SC3	1	78	71	77	82	27
26898	1001	DivAnc	SC3	1	85	85	87	97	52
26906	19	DivAnc	SC3	1	227	239	235	247	123
26947	766	DivAnc	SC3	1	92	295	91	94	273
26976	958	DivAnc	SC3	1	124	139	132	125	68
26992	775	DivAnc	SC3	1	3	0	2	1	0
27021	565	DivAnc	SC3	1	1	2	1	2	0
27165	390	DivAnc	SC3	1	3	4	1	5	4
27267	570	DivAnc	SC3	1	2	3	0	1	2
27369	638	DivAnc	SC3	1	231	914	600	1021	1039
27393	349	DivAnc	SC3	1	0	0	0	1	0
27521	109	DivAnc	SC3	1	93	380	146	113	66
27610	792	DivAnc	SC3	1	0	1	0	0	0
27652	1001	DivAnc	SC3	1	1	1	3	6	0
27665	246	DivAnc	SC3	1	66	173	92	160	141
27689	1000	DivAnc	SC3	1	632	3285	1610	2017	1883
27727	786	DivAnc	SC3	1	0	1	2	0	3
27788	252	DivAnc	SC3	1	399	2152	1004	1058	1319
27825	526	DivAnc	SC3	1	348	1265	715	952	1185
27939	461	DivAnc	SC3	1	152	864	405	588	610
27944	211	DivAnc	SC3	1	4	2	1	3	2
28151	205	DivAnc	SC3	1	1	2	0	1	0
28199	780	DivAnc	SC3	1	0	1	0	4	1
28247	34	DivAnc	SC3	1	796	4776	2856	3758	4086
28326	526	DivAnc	SC3	1	254	1068	632	950	1109
28333	423	DivAnc	SC3	1	452	2227	1274	2197	2665
28341	226	DivAnc	SC3	1	34	35	35	35	20
28478	431	DivAnc	SC3	1	52	55	56	47	21
28754	392	DivAnc	SC3	1	473	2352	1078	1985	2732
28847	362	DivAnc	SC3	1	161	753	412	505	533
28856	763	DivAnc	SC3	1	3	5	2	4	1
28874	339	DivAnc	SC3	1	339	1993	1336	1496	1874
28883	574	DivAnc	SC3	1	2	1	0	1	0
28944	986	DivAnc	SC3	1	135	939	452	810	698
28977	885	DivAnc	SC3	1	231	988	412	478	652
28989	247	DivAnc	SC3	1	39	180	47	22	5
29006	865	DivAnc	SC3	1	27	29	34	39	24
29018	204	DivAnc	SC3	1	4	2	0	1	0
29154	727	DivAnc	SC3	1	33	31	37	34	17
29159	536	DivAnc	SC3	1	175	920	577	711	1033
29473	587	DivAnc	SC3	1	72	85	95	94	41
29490	46	DivAnc	SC3	1	214	906	367	484	605
29557	772	DivAnc	SC3	1	2	3	0	0	0
29561	423	DivAnc	SC3	1	518	2325	1331	1777	2039
29596	326	DivAnc	SC3	1	75	70	79	86	50
29626	921	DivAnc	SC3	1	428	2067	1223	1338	1791
29681	601	DivAnc	SC3	1	142	745	534	758	866
29764	809	DivAnc	SC3	1	356	1765	777	954	1087
29778	766	DivAnc	SC3	1	332	1340	928	1364	1503
29999	853	DivAnc	SC3	1	128	774	304	433	394
30183	190	DivAnc	SC3	1	22	41	3	3	0
30287	423	DivAnc	SC3	1	437	2555	1452	2250	2544
30319	677	DivAnc	SC3	1	1	0	0	0	9
30341	248	DivAnc	SC3	1	147	758	269	502	426
30414	302	DivAnc	SC3	1	3	1	1	2	0
30477	819	DivAnc	SC3	1	143	894	460	654	545
30694	896	DivAnc	SC3	1	33	38	47	52	12
30790	423	DivAnc	SC3	1	382	1442	719	744	794
30845	445	DivAnc	SC3	1	2	0	1	0	0
30863	647	DivAnc	SC3	1	3	3	1	2	3
30890	986	DivAnc	SC3	1	38	32	36	31	19
30905	996	DivAnc	SC3	1	168	729	346	330	300
30944	526	DivAnc	SC3	1	302	1654	702	769	929
30968	935	DivAnc	SC3	1	398	1955	1009	1340	1503
30973	432	DivAnc	SC3	1	153	950	787	1400	1845
31001	680	DivAnc	SC3	1	127	558	156	226	155
31127	754	DivAnc	SC3	1	0	1	0	0	0
31210	339	DivAnc	SC3	1	186	1044	583	900	1043
31270	470	DivAnc	SC3	1	43	232	118	152	98
31303	600	DivAnc	SC3	1	2	1	1	1	0
31429	618	DivAnc	SC3	1	0	0	0	1	0
31465	362	DivAnc	SC3	1	864	3999	2366	3552	4310
31698	423	DivAnc	SC3	1	463	2036	1182	1398	1445
31753	506	DivAnc	SC3	1	133	848	298	435	343
31877	366	DivAnc	SC3	1	372	1643	861	1307	1377
31973	830	DivAnc	SC3	1	0	1	0	0	0
32006	780	DivAnc	SC3	1	3	4	0	3	2
32091	757	DivAnc	SC3	1	91	100	102	83	53
32137	756	DivAnc	SC3	1	44	48	52	55	24
32144	993	DivAnc	SC3	1	37	190	78	119	90
32280	618	DivAnc	SC3	1	57	329	187	167	208
32355	983	DivAnc	SC3	1	20	17	48	65	18
32370	772	DivAnc	SC3	1	23	20	28	22	13
32449	313	DivAnc	SC3	1	134	766	526	646	718
32489	705	DivAnc	SC3	1	127	614	268	289	241
32555	381	DivAnc	SC3	1	0	1	0	1	0
32680	970	DivAnc	SC3	1	1	1	0	0	41
32683	845	DivAnc	SC3	1	391	1591	882	1135	1550
32813	866	DivAnc	SC3	1	245	1499	627	887	965
32883	60	DivAnc	SC3	1	29	26	24	29	19
32927	1004	DivAnc	SC3	1	29	90	114	117	31
33016	248	DivAnc	SC3	1	118	494	142	194	197
33018	958	DivAnc	SC3	1	178	748	406	569	766
33178	639	DivAnc	SC3	1	184	1211	630	931	1008
33258	381	DivAnc	SC3	1	2	4	1	1	6
33401	534	DivAnc	SC3	1	134	669	363	450	602
33408	423	DivAnc	SC3	1	249	994	493	773	1074
33474	742	DivAnc	SC3	1	237	1281	672	953	1158
33513	938	DivAnc	SC3	1	2	4	1	0	0
33679	115	DivAnc	SC3	1	49	67	47	56	29
33720	804	DivAnc	SC3	1	2	0	1	2	1
33786	279	DivAnc	SC3	1	159	1130	450	652	614
33853	48	DivAnc	SC3	1	73	81	91	100	45
33895	564	DivAnc	SC3	1	53	70	71	64	38
33933	474	DivAnc	SC3	1	92	733	294	279	301
33950	733	DivAnc	SC3	1	1	1	0	0	0
34089	530	DivAnc	SC3	1	213	949	529	790	704
34098	639	DivAnc	SC3	1	199	1002	474	578	645
34146	768	DivAnc	SC3	1	112	636	435	503	430
34154	597	DivAnc	SC3	1	1	2	1	0	1
34189	381	DivAnc	SC3	1	115	106	102	116	50
34280	717	DivAnc	SC3	1	49	41	32	42	15
34290	600	DivAnc	SC3	1	4	2	0	1	2
34579	825	DivAnc	SC3	1	77	91	89	104	46
34764	408	DivAnc	SC3	1	5	5	2	3	1
34773	453	DivAnc	SC3	1	195	931	685	1013	1098
35249	807	DivAnc	SC3	1	1298	6294	3313	4699	5094
35293	423	DivAnc	SC3	1	467	1972	1390	1632	1780
35325	381	DivAnc	SC3	1	224	251	238	254	118
35440	423	DivAnc	SC3	1	1701	7055	4064	4998	5407
35479	9	DivAnc	SC3	1	65	74	64	86	39
35489	600	DivAnc	SC3	1	0	0	0	0	1
35496	815	DivAnc	SC3	1	69	81	82	86	44
35559	114	DivAnc	SC3	1	10	8	3	0	0
35647	423	DivAnc	SC3	1	244	1070	511	779	778
35649	853	DivAnc	SC3	1	297	1742	889	1253	1280
35701	757	DivAnc	SC3	1	240	1370	607	943	872
35730	20	DivAnc	SC3	1	286	1660	1108	1757	2347
35755	476	DivAnc	SC3	1	3	2	0	2	1
35846	618	DivAnc	SC3	1	0	0	0	1	0
35891	675	DivAnc	SC3	1	1	0	0	0	0
35902	423	DivAnc	SC3	1	228	1021	614	947	899
36027	717	DivAnc	SC3	1	101	63	69	79	46
36073	52	DivAnc	SC3	1	114	583	224	221	262
36077	47	DivAnc	SC3	1	4	0	1	3	1
36097	921	DivAnc	SC3	1	153	722	264	244	284
36170	836	DivAnc	SC3	1	4	2	2	1	1
36265	60	DivAnc	SC3	1	127	695	293	370	333
36312	83	DivAnc	SC3	1	1	4	0	2	2
36347	43	DivAnc	SC3	1	181	713	511	505	595
36681	690	DivAnc	SC3	1	0	0	4	0	1
36731	32	DivAnc	SC3	1	89	324	265	284	352
36760	311	DivAnc	SC3	1	322	1621	787	867	694
36813	865	DivAnc	SC3	1	4	50	27	22	16
36821	646	DivAnc	SC3	1	333	1652	780	1154	1331
36874	118	DivAnc	SC3	1	1	7	0	1	1
36926	125	DivAnc	SC3	1	167	724	264	329	398
36971	60	DivAnc	SC3	1	4	2	3	3	2
37095	887	DivAnc	SC3	1	0	3	0	1	1
37139	33	DivAnc	SC3	1	238	1073	475	623	593
37178	692	DivAnc	SC3	1	521	2994	1771	2485	3147
37198	964	DivAnc	SC3	1	242	1408	649	705	549
37245	231	DivAnc	SC3	1	5	1	0	5	0
37277	686	DivAnc	SC3	1	15	90	24	103	52
37291	138	DivAnc	SC3	1	337	1971	1140	1797	1757
37295	729	DivAnc	SC3	1	238	1453	599	848	993
37372	569	DivAnc	SC3	1	140	631	242	317	270
37373	866	DivAnc	SC3	1	302	1148	581	758	770
37449	132	DivAnc	SC3	1	0	1	0	0	1
37475	988	DivAnc	SC3	1	2	0	1	1	0
37891	20	DivAnc	SC3	1	161	994	483	656	778
37957	213	DivAnc	SC3	1	122	453	178	179	172
37959	729	DivAnc	SC3	1	178	742	322	295	258
37978	84	DivAnc	SC3	1	9	3	7	7	2
38213	3	DivAnc	SC3	1	796	4681	2824	4096	5532
38247	61	DivAnc	SC3	1	3	2	1	4	0
38253	311	DivAnc	SC3	1	96	589	243	363	470
38294	445	DivAnc	SC3	1	189	898	418	357	213
38295	7	DivAnc	SC3	1	245	791	478	616	570
38313	440	DivAnc	SC3	1	0	1	0	1	0
38407	998	DivAnc	SC3	1	22	16	20	23	13
38419	781	DivAnc	SC3	1	238	960	460	396	390
38423	475	DivAnc	SC3	1	166	524	258	206	227
38803	71	DivAnc	SC3	1	388	1460	872	1003	1223
38886	710	DivAnc	SC3	1	509	2197	991	1312	1240
39062	756	DivAnc	SC3	1	257	1574	804	1187	1261
39135	1009	DivAnc	SC3	1	93	829	414	499	580
39142	250	DivAnc	SC3	1	126	106	139	128	54
39439	756	DivAnc	SC3	1	1	4	3	5	5
39502	5	DivAnc	SC3	1	0	3	2	79	0
39586	809	DivAnc	SC3	1	142	715	285	323	314
39713	970	DivAnc	SC3	1	109	677	360	553	510
39727	704	DivAnc	SC3	1	69	182	54	30	25
39739	547	DivAnc	SC3	1	384	2061	1005	1630	1660
39807	866	DivAnc	SC3	1	0	1	1	5	1
39859	412	DivAnc	SC3	1	162	899	581	715	553
39936	817	DivAnc	SC3	1	2	0	0	1	0
40331	4	DivAnc	SC3	1	128	514	293	374	552
40412	524	DivAnc	SC3	1	0	0	0	1	0
40509	609	DivAnc	SC3	1	38	53	41	39	18
40730	803	DivAnc	SC3	1	0	0	0	1	0
40839	62	DivAnc	SC3	1	348	1720	1185	1738	1862
41148	856	DivAnc	SC3	1	2	1	0	0	1
41328	1001	DivAnc	SC3	1	33	22	35	31	26
41343	757	DivAnc	SC3	1	111	654	298	378	529
41414	440	DivAnc	SC3	1	2	2	0	0	0
41430	930	DivAnc	SC3	1	216	1116	663	1229	1387
41511	623	DivAnc	SC3	1	111	446	387	550	524
41524	639	DivAnc	SC3	1	4	1	3	4	0
41534	83	DivAnc	SC3	1	124	1355	862	1261	1451
41596	369	DivAnc	SC3	1	63	341	184	194	371
41772	393	DivAnc	SC3	1	53	112	26	24	17
41853	271	DivAnc	SC3	1	85	78	108	93	55
41917	277	DivAnc	SC3	1	0	4	0	2	0
42089	930	DivAnc	SC3	1	352	1394	823	965	1437
42203	859	DivAnc	SC3	1	397	3479	1852	3090	4618
42353	830	DivAnc	SC3	1	3	0	0	1	3
42378	549	DivAnc	SC3	1	3	34	9	10	6
42495	31	DivAnc	SC3	1	262	1787	1161	1603	2283
42526	266	DivAnc	SC3	1	323	1209	577	645	775
42574	7	DivAnc	SC3	1	350	1713	735	1025	1143
42578	113	DivAnc	SC3	1	0	0	0	2	0
42669	521	DivAnc	SC3	1	17	8	7	12	2
42699	476	DivAnc	SC3	1	2	0	1	1	1
42884	692	DivAnc	SC3	1	296	1075	748	1131	843
42897	1001	DivAnc	SC3	1	350	1626	681	846	934
42976	742	DivAnc	SC3	1	292	1577	833	1068	1324
43061	756	DivAnc	SC3	1	158	673	259	325	267
43235	1007	DivAnc	SC3	1	2	1	0	0	1
43342	924	DivAnc	SC3	1	567	3386	2178	3545	4354
43401	1001	DivAnc	SC3	1	2	2	1	0	1
43473	544	DivAnc	SC3	1	3	9	0	1	0
43606	132	DivAnc	SC3	1	19	18	14	14	7
43626	83	DivAnc	SC3	1	226	1259	765	1171	1090
43673	461	DivAnc	SC3	1	100	294	208	461	518
43709	979	DivAnc	SC3	1	231	1131	511	749	717
44012	40	DivAnc	SC3	1	344	1665	725	955	1083
44281	998	DivAnc	SC3	1	39	146	15	3	2
44290	512	DivAnc	SC3	1	0	1	2	2	0
44449	623	DivAnc	SC3	1	121	458	175	168	111
44620	804	DivAnc	SC3	1	1	1	0	0	0
44701	625	DivAnc	SC3	1	329	1809	951	1149	1095
44765	362	DivAnc	SC3	1	2	2	0	0	3
44808	691	DivAnc	SC3	1	253	1190	436	682	612
44854	596	DivAnc	SC3	1	106	556	251	415	350
45028	865	DivAnc	SC3	1	292	1318	716	845	820
45286	239	DivAnc	SC3	1	5	3	0	8	2
45375	60	DivAnc	SC3	1	86	332	246	382	320
45388	412	DivAnc	SC3	1	1	1	0	0	0
45444	874	DivAnc	SC3	1	129	469	297	344	282
45463	9	DivAnc	SC3	1	3	1	2	6	1
45718	239	DivAnc	SC3	1	202	657	285	489	524
45783	715	DivAnc	SC3	1	120	542	199	204	234
45804	241	DivAnc	SC3	1	0	1	0	0	0
45852	677	DivAnc	SC3	1	0	0	0	2	0
45879	375	DivAnc	SC3	1	56	52	50	55	32
45928	833	DivAnc	SC3	1	1	0	1	2	1
46109	202	DivAnc	SC3	1	134	173	129	144	62
46151	429	DivAnc	SC3	1	0	0	1	0	0
46166	684	DivAnc	SC3	1	311	1419	660	1146	1487
46294	252	DivAnc	SC3	1	0	0	2	1	1
46340	729	DivAnc	SC3	1	105	661	319	415	481
46473	547	DivAnc	SC3	1	293	1303	673	1002	914
46671	890	DivAnc	SC3	1	202	1274	828	1284	1127
46717	85	DivAnc	SC3	1	343	1413	597	722	780
46793	1014	DivAnc	SC3	1	111	395	135	102	40
46840	61	DivAnc	SC3	1	2	1	1	2	1
46870	1012	DivAnc	SC3	1	42	45	43	49	29
46942	348	DivAnc	SC3	1	1	0	0	1	2
47270	110	DivAnc	SC3	1	14	22	17	21	11
47275	887	DivAnc	SC3	1	94	85	118	105	51
47440	50	DivAnc	SC3	1	125	108	129	120	54
47522	423	DivAnc	SC3	1	517	2443	1284	1748	1904
47733	804	DivAnc	SC3	1	1	1	1	0	0
48000	865	DivAnc	SC3	1	1	1	0	0	0
48150	287	DivAnc	SC3	1	101	446	204	265	361
48164	1007	DivAnc	SC3	1	445	1816	928	1277	1312
48294	381	DivAnc	SC3	1	51	232	70	83	67
48310	804	DivAnc	SC3	1	0	1	0	0	0
48391	71	DivAnc	SC3	1	60	251	76	27	6
48439	391	DivAnc	SC3	1	3	3	0	4	5
48479	606	DivAnc	SC3	1	0	0	0	1	0
48514	846	DivAnc	SC3	1	158	671	360	407	329
48559	426	DivAnc	SC3	1	220	1191	670	1045	1342
48570	60	DivAnc	SC3	1	56	63	49	64	33
48580	886	DivAnc	SC3	1	4	1	2	1	1
48598	215	DivAnc	SC3	1	135	663	221	182	202
48622	347	DivAnc	SC3	1	0	3	0	0	0
48725	902	DivAnc	SC3	1	11	1	0	0	0
48938	804	DivAnc	SC3	1	1	3	2	1	1
48944	292	DivAnc	SC3	1	68	381	105	132	92
48981	104	DivAnc	SC3	1	141	762	312	423	618
49150	864	DivAnc	SC3	1	106	348	207	312	237
49222	72	DivAnc	SC3	1	61	367	160	127	137
49315	149	DivAnc	SC3	1	35	49	8	16	13
49395	132	DivAnc	SC3	1	290	1500	768	940	1457
49431	353	DivAnc	SC3	1	44	119	15	11	3
49456	976	DivAnc	SC3	1	110	629	297	484	491
49561	566	DivAnc	SC3	1	248	1290	632	917	1136
49612	423	DivAnc	SC3	1	101	452	281	188	252
49618	846	DivAnc	SC3	1	48	27	44	38	29
49656	391	DivAnc	SC3	1	3	2	0	5	0
49667	804	DivAnc	SC3	1	2	4	2	2	2
49829	423	DivAnc	SC3	1	60	252	130	159	127
50200	162	DivAnc	SC3	1	240	1385	831	1090	1111
50270	819	DivAnc	SC3	1	494	2585	1390	2050	2389
50396	536	DivAnc	SC3	1	2	47	1	2	1
50567	976	DivAnc	SC3	1	239	1375	861	1358	1586
50759	486	DivAnc	SC3	1	121	803	396	426	422
50821	60	DivAnc	SC3	1	254	1379	716	1268	1400
50972	423	DivAnc	SC3	1	646	3081	1782	2743	2733
51203	856	DivAnc	SC3	1	43	81	11	11	0
51278	439	DivAnc	SC3	1	141	896	482	616	997
51327	618	DivAnc	SC3	1	1	1	3	1	0
51354	1013	DivAnc	SC3	1	130	118	115	105	44
51425	777	DivAnc	SC3	1	228	938	608	1140	1180
51711	144	DivAnc	SC3	1	51	167	47	92	43
51745	280	DivAnc	SC3	1	0	1	1	1	0
51796	535	DivAnc	SC3	1	48	112	25	22	53
51825	742	DivAnc	SC3	1	154	522	321	313	312
51929	440	DivAnc	SC3	1	8	2	0	0	0
51959	177	DivAnc	SC3	1	1	1	1	0	2
51966	80	DivAnc	SC3	1	293	2130	1085	1517	1442
52066	190	DivAnc	SC3	1	71	122	40	7	2
52094	521	DivAnc	SC3	1	0	1	2	0	1
52165	209	DivAnc	SC3	1	197	1036	494	772	685
52269	651	DivAnc	SC3	1	12	14	17	7	3
52454	403	DivAnc	SC3	1	426	2414	1158	1770	1717
52838	898	DivAnc	SC3	1	2	1	1	9	0
52926	367	DivAnc	SC3	1	0	2	1	4	1
52952	1014	DivAnc	SC3	1	103	269	83	68	19
52978	138	DivAnc	SC3	1	142	666	359	542	494
53099	910	DivAnc	SC3	1	0	0	1	0	0
53219	566	DivAnc	SC3	1	80	407	188	274	339
53236	625	DivAnc	SC3	1	231	1211	621	768	776
53250	605	DivAnc	SC3	1	44	167	27	37	3
53388	371	DivAnc	SC3	1	11	5	8	8	3
53452	998	DivAnc	SC3	1	13	18	7	9	1
53509	993	DivAnc	SC3	1	197	604	760	1123	1032
53524	476	DivAnc	SC3	1	197	896	448	879	1143
53816	66	DivAnc	SC3	1	203	1232	553	520	554
53975	986	DivAnc	SC3	1	4	4	5	6	5
54381	812	DivAnc	SC3	1	239	1025	570	742	842
54391	926	DivAnc	SC3	1	8	11	15	10	4
54636	886	DivAnc	SC3	1	0	0	0	2	0
54663	998	DivAnc	SC3	1	68	146	62	124	100
54667	112	DivAnc	SC3	1	225	1282	666	905	905
54952	381	DivAnc	SC3	1	659	3741	2483	3167	4086
54955	159	DivAnc	SC3	1	110	491	252	302	217
54980	935	DivAnc	SC3	1	75	73	72	75	37
54989	100	DivAnc	SC3	1	1	7	9	4	8
55025	981	DivAnc	SC3	1	265	1325	630	862	860
55043	47	DivAnc	SC3	1	27	13	79	52	22
55115	647	DivAnc	SC3	1	298	1518	773	1214	1437
55226	1001	DivAnc	SC3	1	2	3	2	1	0
55240	597	DivAnc	SC3	1	6	3	3	1	1
55299	434	DivAnc	SC3	1	1	1	2	4	2
55398	894	DivAnc	SC3	1	81	445	260	430	346
55558	804	DivAnc	SC3	1	1	2	0	1	0
55731	118	DivAnc	SC3	1	198	1442	607	888	958
55737	705	DivAnc	SC3	1	372	2684	1544	2144	2314
55833	855	DivAnc	SC3	1	26	74	4	0	0
56165	313	DivAnc	SC3	1	2	1	3	0	0
56220	727	DivAnc	SC3	1	0	2	3	2	2
56287	279	DivAnc	SC3	1	0	2	1	3	1
56331	780	DivAnc	SC3	1	206	984	468	529	627
56377	243	DivAnc	SC3	1	212	1178	780	919	1078
56407	625	DivAnc	SC3	1	129	625	325	238	162
56502	202	DivAnc	SC3	1	168	737	229	313	106
56726	647	DivAnc	SC3	1	1	1	2	2	0
56857	757	DivAnc	SC3	1	103	592	384	385	593
56885	870	DivAnc	SC3	1	3	0	0	0	0
57076	930	DivAnc	SC3	1	172	881	474	692	719
57261	969	DivAnc	SC3	1	270	1279	529	680	663
57317	217	DivAnc	SC3	1	469	2776	1310	2101	2098
57342	1005	DivAnc	SC3	1	128	1005	531	711	638
57423	119	DivAnc	SC3	1	87	539	261	382	436
57517	461	DivAnc	SC3	1	82	362	187	217	250
57606	805	DivAnc	SC3	1	79	540	255	290	278
57746	125	DivAnc	SC3	1	324	1998	971	1122	1150
57788	423	DivAnc	SC3	1	924	4203	2098	2678	2605
58033	50	DivAnc	SC3	1	1	1	1	1	1
58151	200	DivAnc	SC3	1	2	0	0	3	1
58161	102	DivAnc	SC3	1	1	3	3	1	3
58259	926	DivAnc	SC3	1	419	1621	958	1179	1202
58473	482	DivAnc	SC3	1	0	1	0	0	2
58548	362	DivAnc	SC3	1	856	4139	2725	3880	3846
58573	202	DivAnc	SC3	1	379	1245	571	521	432
58638	423	DivAnc	SC3	1	8	43	21	60	91
58683	88	DivAnc	SC3	1	123	652	200	294	272
58744	817	DivAnc	SC3	1	150	1038	589	838	945
58827	333	DivAnc	SC3	1	2	1	1	1	0
59108	412	DivAnc	SC3	1	260	1439	617	889	978
59196	718	DivAnc	SC3	1	486	2351	1379	1694	2086
59197	47	DivAnc	SC3	1	58	48	50	53	18
59408	618	DivAnc	SC3	1	1	0	1	1	2
59536	34	DivAnc	SC3	1	367	2083	1172	1621	1885
59613	124	DivAnc	SC3	1	0	0	27	0	0
59623	869	DivAnc	SC3	1	1	4	1	2	3
59688	205	DivAnc	SC3	1	0	1	1	0	0
59713	884	DivAnc	SC3	1	26	67	13	13	27
59766	423	DivAnc	SC3	1	217	770	326	378	271
59906	476	DivAnc	SC3	1	4	46	29	29	32
59913	366	DivAnc	SC3	1	3	3	1	1	1
59927	113	DivAnc	SC3	1	265	1140	649	1109	1500
59931	85	DivAnc	SC3	1	69	51	63	64	33
60338	89	DivAnc	SC3	1	2	6	2	6	2
60353	981	DivAnc	SC3	1	31	207	123	117	204
60664	401	DivAnc	SC3	1	7	5	11	6	5
60673	648	DivAnc	SC3	1	258	1523	667	941	1046
60813	112	DivAnc	SC3	1	471	2413	1388	1717	1395
60928	313	DivAnc	SC3	1	5	3	4	1	2
60968	234	DivAnc	SC3	1	211	920	409	360	326
61022	976	DivAnc	SC3	1	1	1	1	0	0
61112	407	DivAnc	SC3	1	155	676	342	321	299
61303	170	DivAnc	SC3	1	34	117	40	26	14
61396	134	DivAnc	SC3	1	131	492	244	192	262
61758	177	DivAnc	SC3	1	619	3045	1547	2210	2105
61983	941	DivAnc	SC3	1	1	0	1	3	0
62014	347	DivAnc	SC3	1	23	30	35	37	16
62068	189	DivAnc	SC3	1	1	0	0	0	0
62270	512	DivAnc	SC3	1	90	425	294	494	417
62375	50	DivAnc	SC3	1	91	479	213	369	475
62622	234	DivAnc	SC3	1	4	9	0	0	0
62633	423	DivAnc	SC3	1	1051	4877	2952	3886	4434
62661	414	DivAnc	SC3	1	248	1537	702	917	950
62830	366	DivAnc	SC3	1	179	832	315	612	500
62913	118	DivAnc	SC3	1	305	1588	1123	1496	1991
62979	930	DivAnc	SC3	1	201	1061	370	792	603
63251	956	DivAnc	SC3	1	0	0	0	1	0
63253	712	DivAnc	SC3	1	311	1303	718	977	1135
63392	757	DivAnc	SC3	1	331	1700	1033	1581	1766
63533	104	DivAnc	SC3	1	2	3	0	2	0
63735	390	DivAnc	SC3	1	242	1269	688	801	784
63864	859	DivAnc	SC3	1	2	2	0	4	1
63866	423	DivAnc	SC3	1	701	2258	1663	2158	1879
64036	887	DivAnc	SC3	1	1	0	0	0	0
64178	780	DivAnc	SC3	1	1	2	0	0	0
64299	486	DivAnc	SC3	1	2	2	1	1	0
64473	162	DivAnc	SC3	1	64	385	139	165	237
64571	979	DivAnc	SC3	1	2	5	2	0	0
64577	6	DivAnc	SC3	1	366	1774	728	963	1087
64597	582	DivAnc	SC3	1	67	77	95	87	40
64678	148	DivAnc	SC3	1	11	9	14	6	8
64828	458	DivAnc	SC3	1	160	771	491	602	595
64905	481	DivAnc	SC3	1	7	3	0	0	0
64996	423	DivAnc	SC3	1	437	1763	1161	1264	1362
65145	605	DivAnc	SC3	1	0	1	0	0	3
65211	177	DivAnc	SC3	1	264	1128	499	487	555
65236	684	DivAnc	SC3	1	226	810	558	806	819
65542	1014	DivAnc	SC3	1	60	114	29	39	6
65595	309	DivAnc	SC3	1	132	718	456	970	828
66145	520	DivAnc	SC3	1	1	0	0	0	0
66402	434	DivAnc	SC3	1	1	41	2	0	0
66879	85	DivAnc	SC3	1	1	3	0	1	1
67354	340	DivAnc	SC3	1	0	0	0	1	1
67442	390	DivAnc	SC3	1	231	1099	438	509	566
67588	312	DivAnc	SC3	1	0	1	0	0	0
67607	239	DivAnc	SC3	1	107	711	508	679	664
67791	203	DivAnc	SC3	1	349	1880	786	1204	1130
67876	732	DivAnc	SC3	1	48	294	218	383	606
68088	807	DivAnc	SC3	1	1087	5277	2718	3719	4315
68535	845	DivAnc	SC3	1	416	2048	1012	1281	1122
68537	46	DivAnc	SC3	1	152	563	238	264	198
68630	988	DivAnc	SC3	1	2	1	2	2	1
68635	209	DivAnc	SC3	1	237	1086	631	907	759
68641	90	DivAnc	SC3	1	334	1616	1082	1738	1755
68785	180	DivAnc	SC3	1	29	152	108	111	121
68904	1009	DivAnc	SC3	1	2	3	1	1	1
68990	376	DivAnc	SC3	1	385	2360	1260	1767	1810
69078	1014	DivAnc	SC3	1	55	120	19	5	2
69094	524	DivAnc	SC3	1	6	1	0	0	0
69266	650	DivAnc	SC3	1	91	337	389	388	457
69388	652	DivAnc	SC3	1	4	5	6	0	1
69449	456	DivAnc	SC3	1	106	836	485	645	680
69508	846	DivAnc	SC3	1	34	40	42	36	25
69721	411	DivAnc	SC3	1	1	0	2	2	1
69725	173	DivAnc	SC3	1	15	163	77	162	276
69748	41	DivAnc	SC3	1	566	2595	1682	2616	3283
69781	235	DivAnc	SC3	1	88	112	107	102	48
70265	52	DivAnc	SC3	1	75	290	99	95	70
70461	55	DivAnc	SC3	1	3	2	0	1	1
70546	133	DivAnc	SC3	1	79	255	167	199	297
70558	214	DivAnc	SC3	1	2	1	1	0	0
70606	110	DivAnc	SC3	1	0	0	1	1	2
70979	316	DivAnc	SC3	1	0	1	0	0	0
71127	742	DivAnc	SC3	1	242	1163	648	1065	845
71314	1004	DivAnc	SC3	1	207	1229	543	509	592
71387	212	DivAnc	SC3	1	109	267	273	514	379
71572	423	DivAnc	SC3	1	226	1049	556	582	669
71688	387	DivAnc	SC3	1	3	2	2	1	0
71759	132	DivAnc	SC3	1	0	0	0	1	0
71901	209	DivAnc	SC3	1	1	0	0	0	0
72055	478	DivAnc	SC3	1	2	0	0	0	0
72369	476	DivAnc	SC3	1	85	629	436	592	489
72413	233	DivAnc	SC3	1	3	11	7	10	6
72561	866	DivAnc	SC3	1	0	2	3	2	3
72564	710	DivAnc	SC3	1	72	70	62	73	46
72764	95	DivAnc	SC3	1	6	1	0	0	0
72893	775	DivAnc	SC3	1	178	994	615	757	886
72918	967	DivAnc	SC3	1	44	241	98	108	75
73350	493	DivAnc	SC3	1	3	22	0	0	0
73408	268	DivAnc	SC3	1	3	0	0	1	0
73444	412	DivAnc	SC3	1	50	215	47	38	29
73463	74	DivAnc	SC3	1	46	144	53	106	53
73649	981	DivAnc	SC3	1	2	2	1	1	1
73651	245	DivAnc	SC3	1	22	26	28	32	15
73713	695	DivAnc	SC3	1	8	1	0	0	0
73721	1014	DivAnc	SC3	1	17	31	12	29	6
73939	8	DivAnc	SC3	1	343	1578	933	1184	1157
73965	433	DivAnc	SC3	1	129	107	116	109	67
74037	456	DivAnc	SC3	1	1	0	0	2	1
74359	729	DivAnc	SC3	1	1	1	1	2	0
74445	979	DivAnc	SC3	1	147	662	398	536	510
74450	34	DivAnc	SC3	1	512	2234	1261	1806	1967
74472	589	DivAnc	SC3	1	1	0	0	1	1
74692	353	DivAnc	SC3	1	22	63	22	32	18
74734	718	DivAnc	SC3	1	264	1098	653	849	772
75084	227	DivAnc	SC3	1	73	59	73	76	40
75234	899	DivAnc	SC3	1	2	0	4	5	7
75395	800	DivAnc	SC3	1	32	377	206	275	657
75652	690	DivAnc	SC3	1	2	0	0	0	0
76084	670	DivAnc	SC3	1	135	729	416	635	567
76132	998	DivAnc	SC3	1	15	107	16	22	24
76147	162	DivAnc	SC3	1	44	279	186	340	300
76237	819	DivAnc	SC3	1	1	1	1	1	0
76437	456	DivAnc	SC3	1	70	83	79	78	32
76574	75	DivAnc	SC3	1	16	18	12	18	6
76576	302	DivAnc	SC3	1	30	31	56	37	17
76886	692	DivAnc	SC3	1	527	2896	2013	3050	3651
77260	893	DivAnc	SC3	1	5	3	6	4	3
77424	456	DivAnc	SC3	1	1	5	2	1	1
77444	705	DivAnc	SC3	1	272	1282	486	602	524
77562	461	DivAnc	SC3	1	200	824	322	433	348
77875	903	DivAnc	SC3	1	209	988	585	800	709
77923	1015	DivAnc	SC3	1	1	1	1	0	0
78127	374	DivAnc	SC3	1	4	2	1	5	0
78374	168	DivAnc	SC3	1	50	51	59	64	25
78517	735	DivAnc	SC3	1	4	1	2	1	1
78531	340	DivAnc	SC3	1	46	189	19	26	4
78559	40	DivAnc	SC3	1	186	617	264	360	427
78704	192	DivAnc	SC3	1	282	1638	918	1502	1402
78847	85	DivAnc	SC3	1	75	76	73	71	45
78899	686	DivAnc	SC3	1	267	1628	775	881	1318
78930	638	DivAnc	SC3	1	9	14	13	15	9
79036	106	DivAnc	SC3	1	14	37	6	1	0
79290	605	DivAnc	SC3	1	68	364	72	76	62
79301	177	DivAnc	SC3	1	88	386	211	214	287
79339	552	DivAnc	SC3	1	100	576	338	388	399
79669	589	DivAnc	SC3	1	125	587	324	572	551
79840	60	DivAnc	SC3	1	258	1340	613	749	664
79844	138	DivAnc	SC3	1	14	10	10	19	6
79981	125	DivAnc	SC3	1	45	254	143	211	507
80107	442	DivAnc	SC3	1	87	67	79	75	33
80170	690	DivAnc	SC3	1	37	264	168	172	62
80936	461	DivAnc	SC3	1	2	0	1	0	0
81620	349	DivAnc	SC3	1	13	83	21	18	33
81692	1001	DivAnc	SC3	1	0	1	1	0	1
81849	181	DivAnc	SC3	1	1	2	0	1	0
81962	700	DivAnc	SC3	1	294	1497	833	1344	1162
82016	111	DivAnc	SC3	1	1	1	0	7	3
82068	147	DivAnc	SC3	1	23	197	76	39	29
82103	195	DivAnc	SC3	1	1	1	0	2	0
82225	794	DivAnc	SC3	1	1	3	1	2	1
82338	252	DivAnc	SC3	1	206	1552	767	1042	1161
83358	448	DivAnc	SC3	1	1	0	2	0	2
83516	47	DivAnc	SC3	1	3	2	0	1	2
83570	310	DivAnc	SC3	1	132	809	422	655	716
83774	859	DivAnc	SC3	1	1185	7021	5632	9142	12475
83859	988	DivAnc	SC3	1	0	1	0	1	0
83890	672	DivAnc	SC3	1	131	584	238	349	202
83968	580	DivAnc	SC3	1	108	350	174	300	391
84058	9	DivAnc	SC3	1	362	2168	1517	2598	3307
84094	587	DivAnc	SC3	1	1	1	1	0	0
84280	547	DivAnc	SC3	1	272	1577	823	1344	1490
84302	247	DivAnc	SC3	1	1	0	0	0	0
84462	715	DivAnc	SC3	1	77	287	134	141	116
84504	185	DivAnc	SC3	1	244	644	623	895	700
84541	214	DivAnc	SC3	1	137	587	294	526	672
84607	935	DivAnc	SC3	1	321	1485	928	1261	1202
84757	337	DivAnc	SC3	1	0	1	0	2	1
84769	296	DivAnc	SC3	1	228	1106	526	822	830
84822	459	DivAnc	SC3	1	101	428	182	198	205
85034	954	DivAnc	SC3	1	330	1608	820	1245	1236
85045	376	DivAnc	SC3	1	0	2	0	0	0
85087	119	DivAnc	SC3	1	2	1	1	0	0
85140	657	DivAnc	SC3	1	255	1115	550	590	566
85186	1004	DivAnc	SC3	1	166	757	429	579	787
85258	392	DivAnc	SC3	1	124	686	284	217	217
85449	947	DivAnc	SC3	1	1	2	3	1	4
85520	205	DivAnc	SC3	1	1	1	0	1	1
85768	89	DivAnc	SC3	1	221	842	347	433	340
86145	896	DivAnc	SC3	1	0	0	1	0	0
86290	1001	DivAnc	SC3	1	56	48	67	52	31
86742	613	DivAnc	SC3	1	0	1	0	3	1
86774	202	DivAnc	SC3	1	99	468	180	144	133
86798	83	DivAnc	SC3	1	257	1177	608	753	841
86999	510	DivAnc	SC3	1	0	3	8	7	15
87266	326	DivAnc	SC3	1	221	993	459	539	527
87267	280	DivAnc	SC3	1	0	1	0	0	0
87336	149	DivAnc	SC3	1	8	5	5	7	4
87672	570	DivAnc	SC3	1	170	772	419	430	638
87768	291	DivAnc	SC3	1	1	0	1	0	0
87947	677	DivAnc	SC3	1	380	1113	294	258	225
87988	213	DivAnc	SC3	1	60	66	65	77	32
88017	846	DivAnc	SC3	1	147	643	446	597	671
88334	391	DivAnc	SC3	1	145	975	267	356	388
88546	479	DivAnc	SC3	1	3	0	0	0	0
88639	896	DivAnc	SC3	1	461	2317	1317	1974	2399
88641	72	DivAnc	SC3	1	71	379	143	80	5
88718	763	DivAnc	SC3	1	156	538	467	654	555
88933	347	DivAnc	SC3	1	1	0	0	0	0
89033	584	DivAnc	SC3	1	162	504	214	278	346
89052	1000	DivAnc	SC3	1	1	1	1	2	4
89061	783	DivAnc	SC3	1	245	1433	972	1350	1264
89064	1001	DivAnc	SC3	1	230	1192	536	916	1026
89227	954	DivAnc	SC3	1	22	20	26	29	13
89756	718	DivAnc	SC3	1	61	60	73	53	39
89858	83	DivAnc	SC3	1	0	0	0	1	0
90281	201	DivAnc	SC3	1	209	981	401	458	394
90293	60	DivAnc	SC3	1	107	293	75	103	129
90432	60	DivAnc	SC3	1	166	883	552	614	585
90462	733	DivAnc	SC3	1	1	2	2	4	0
90687	479	DivAnc	SC3	1	23	31	26	19	8
90727	48	DivAnc	SC3	1	210	996	539	611	633
90731	949	DivAnc	SC3	1	3	1	1	4	2
90815	565	DivAnc	SC3	1	367	1825	892	1185	1286
91190	40	DivAnc	SC3	1	244	1120	677	816	779
91225	202	DivAnc	SC3	1	92	364	93	60	22
91256	639	DivAnc	SC3	1	0	1	3	0	3
91401	935	DivAnc	SC3	1	349	1865	1045	1277	1706
91429	209	DivAnc	SC3	1	248	899	418	725	666
91517	7	DivAnc	SC3	1	0	1	1	0	1
91604	83	DivAnc	SC3	1	62	370	137	160	99
91749	486	DivAnc	SC3	1	2	1	1	0	1
91794	1012	DivAnc	SC3	1	64	190	154	90	90
91841	639	DivAnc	SC3	1	350	2008	1290	2089	2139
91960	831	DivAnc	SC3	1	235	1120	479	458	354
92012	242	DivAnc	SC3	1	334	1899	1187	1424	1471
92226	719	DivAnc	SC3	1	1	1	0	0	1
92702	957	DivAnc	SC3	1	0	2	0	0	0
92836	423	DivAnc	SC3	1	81	559	233	253	340
92910	498	DivAnc	SC3	1	0	2	1	0	1
92915	815	DivAnc	SC3	1	529	2404	1232	1562	1879
93375	689	DivAnc	SC3	1	0	1	0	0	0
93442	35	DivAnc	SC3	1	238	1517	1048	1692	1980
93482	476	DivAnc	SC3	1	236	828	601	669	553
93648	159	DivAnc	SC3	1	3	2	1	2	3
93729	530	DivAnc	SC3	1	1	0	0	3	0
93799	412	DivAnc	SC3	1	185	957	555	714	468
94145	932	DivAnc	SC3	1	61	52	57	61	42
94401	802	DivAnc	SC3	1	2	1	1	0	0
94734	843	DivAnc	SC3	1	165	1207	669	994	1130
94896	912	DivAnc	SC3	1	27	47	32	27	17
94933	364	DivAnc	SC3	1	0	2	2	5	2
94993	423	DivAnc	SC3	1	298	1304	513	675	705
95585	52	DivAnc	SC3	1	1	1	2	1	1
95948	278	DivAnc	SC3	1	45	40	37	41	18
96048	851	DivAnc	SC3	1	79	280	112	220	262
96490	188	DivAnc	SC3	1	2	0	2	1	1
96555	757	DivAnc	SC3	1	0	2	2	3	0
96603	965	DivAnc	SC3	1	183	1068	753	1011	1320
96652	195	DivAnc	SC3	1	46	53	48	50	14
96832	668	DivAnc	SC3	1	0	1	0	2	0
97111	195	DivAnc	SC3	1	178	203	198	211	101
97433	845	DivAnc	SC3	1	9	8	6	10	3
97463	246	DivAnc	SC3	1	178	958	466	667	657
97478	607	DivAnc	SC3	1	2	26	1	1	1
97578	329	DivAnc	SC3	1	495	2174	1553	2113	1609
97601	473	DivAnc	SC3	1	24	24	23	39	10
98280	985	DivAnc	SC3	1	178	998	615	988	1027
98513	269	DivAnc	SC3	1	117	849	391	682	720
98597	231	DivAnc	SC3	1	241	678	542	645	526
98611	1002	DivAnc	SC3	1	169	916	564	894	1002
98635	280	DivAnc	SC3	1	2	1	0	5	0
98877	692	DivAnc	SC3	1	115	784	366	526	927
98890	34	DivAnc	SC3	1	415	1811	1210	1905	2073
99014	852	DivAnc	SC3	1	4	0	1	2	1
99302	742	DivAnc	SC3	1	78	280	243	364	356
99348	423	DivAnc	SC3	1	5	3	2	5	2
99785	757	DivAnc	SC3	1	126	771	318	417	593
100100	439	DivAnc	SC3	1	170	855	450	456	336
100250	892	DivAnc	SC3	1	43	58	49	48	24
100453	756	DivAnc	SC3	1	4	0	1	1	0
100565	593	DivAnc	SC3	1	411	1969	1031	1361	1184
100785	644	DivAnc	SC3	1	264	1399	494	587	837
100977	618	DivAnc	SC3	1	103	716	295	330	217
101103	494	DivAnc	SC3	1	45	48	40	50	35
101268	339	DivAnc	SC3	1	1	0	1	0	2
101368	387	DivAnc	SC3	1	1	0	0	0	1
101483	456	DivAnc	SC3	1	323	1768	921	1239	1124
102134	767	DivAnc	SC3	1	36	123	42	45	22
102158	353	DivAnc	SC3	1	33	105	26	31	0
102203	925	DivAnc	SC3	1	228	1218	490	771	629
102397	605	DivAnc	SC3	1	26	95	23	36	13
102448	59	DivAnc	SC3	1	2	3	2	2	1
102462	423	DivAnc	SC3	1	597	2948	1177	1641	1801
102489	1004	DivAnc	SC3	1	13	63	86	80	160
102958	1003	DivAnc	SC3	1	88	643	347	435	413
103379	256	DivAnc	SC3	1	60	381	293	702	1178
104160	984	DivAnc	SC3	1	93	489	231	352	293
104205	674	DivAnc	SC3	1	100	468	265	436	581
104257	214	DivAnc	SC3	1	51	51	63	50	36
104580	835	DivAnc	SC3	1	47	211	93	95	72
105178	132	DivAnc	SC3	1	22	31	30	23	10
105298	772	DivAnc	SC3	1	1	0	0	1	1
105348	138	DivAnc	SC3	1	284	1221	619	734	675
105571	457	DivAnc	SC3	1	41	146	19	28	26
105683	138	DivAnc	SC3	1	161	1088	508	673	809
106171	674	DivAnc	SC3	1	302	1632	889	1326	1303
106372	350	DivAnc	SC3	1	5	2	0	1	1
106390	456	DivAnc	SC3	1	1	0	2	0	3
106688	767	DivAnc	SC3	1	1	0	1	0	0
106739	1014	DivAnc	SC3	1	0	1	0	0	0
107157	124	DivAnc	SC3	1	0	0	8	0	0
107483	234	DivAnc	SC3	1	344	1639	773	943	933
108099	186	DivAnc	SC3	1	21	29	28	26	12
108871	913	DivAnc	SC3	1	2	0	0	1	0
108933	248	DivAnc	SC3	1	102	502	311	355	303
109123	777	DivAnc	SC3	1	1	0	1	4	0
109223	986	DivAnc	SC3	1	2	2	2	1	0
109591	790	DivAnc	SC3	1	296	1443	919	1179	1368
109927	175	DivAnc	SC3	1	10	5	5	0	0
110071	125	DivAnc	SC3	1	25	42	37	29	16
110097	787	DivAnc	SC3	1	22	87	22	63	29
110195	352	DivAnc	SC3	1	127	553	341	509	441
110252	733	DivAnc	SC3	1	277	1156	522	581	482
110377	2	DivAnc	SC3	1	99	596	303	361	370
110502	935	DivAnc	SC3	1	264	1050	612	1067	1183
110528	623	DivAnc	SC3	1	1	1	1	2	3
111035	864	DivAnc	SC3	1	199	663	363	299	374
111431	809	DivAnc	SC3	1	27	23	35	33	17
112077	935	DivAnc	SC3	1	5	2	2	2	2
112227	209	DivAnc	SC3	1	3	10	7	0	0
112967	809	DivAnc	SC3	1	1	1	1	0	0
113008	841	DivAnc	SC3	1	21	13	14	23	13
113017	802	DivAnc	SC3	1	0	1	1	1	0
113307	439	DivAnc	SC3	1	63	60	69	57	39
113365	204	DivAnc	SC3	1	0	2	0	2	0
113465	539	DivAnc	SC3	1	1	6	3	2	0
114055	956	DivAnc	SC3	1	320	1398	805	1029	1366
114906	478	DivAnc	SC3	1	0	1	0	0	0
115284	524	DivAnc	SC3	1	8	22	1	1	0
115335	829	DivAnc	SC3	1	1	1	0	2	0
115612	170	DivAnc	SC3	1	51	290	189	232	326
115777	1000	DivAnc	SC3	1	2	1	3	5	0
116124	372	DivAnc	SC3	1	27	44	37	39	23
116162	162	DivAnc	SC3	1	312	1705	886	1216	1049
116287	163	DivAnc	SC3	1	197	1300	677	1115	1245
116552	767	DivAnc	SC3	1	125	412	143	134	95
116694	896	DivAnc	SC3	1	24	16	17	25	11
117114	926	DivAnc	SC3	1	0	3	0	2	2
117240	353	DivAnc	SC3	1	1	1	1	0	0
117348	48	DivAnc	SC3	1	185	1083	647	861	663
117438	481	DivAnc	SC3	1	0	1	0	0	0
117442	964	DivAnc	SC3	1	1	2	0	0	0
117473	618	DivAnc	SC3	1	35	146	131	252	282
117526	684	DivAnc	SC3	1	8	9	14	14	6
117633	572	DivAnc	SC3	1	1	1	0	2	2
117673	522	DivAnc	SC3	1	396	1531	946	1182	924
117933	132	DivAnc	SC3	1	3	3	1	2	0
118111	313	DivAnc	SC3	1	186	1483	649	1022	1063
118252	149	DivAnc	SC3	1	60	147	27	28	11
118526	780	DivAnc	SC3	1	69	73	76	73	28
118560	650	DivAnc	SC3	1	1	0	1	4	2
118830	423	DivAnc	SC3	1	419	1730	1043	1637	1787
118898	829	DivAnc	SC3	1	230	1267	554	774	762
118915	17	DivAnc	SC3	1	54	58	40	60	20
118978	366	DivAnc	SC3	1	14	96	49	70	48
119084	52	DivAnc	SC3	1	1	4	1	2	1
119329	638	DivAnc	SC3	1	48	124	118	186	148
119351	1015	DivAnc	SC3	1	180	935	423	502	500
119492	802	DivAnc	SC3	1	1	1	0	0	0
119564	674	DivAnc	SC3	1	180	928	500	798	869
119646	206	DivAnc	SC3	1	83	386	191	246	275
119723	938	DivAnc	SC3	1	16	45	17	8	3
119904	400	DivAnc	SC3	1	168	865	601	854	1083
120036	522	DivAnc	SC3	1	3	3	0	0	1
120242	347	DivAnc	SC3	1	210	979	522	676	425
120302	423	DivAnc	SC3	1	483	2286	1440	1974	2883
120592	392	DivAnc	SC3	1	1	1	1	3	1
120902	1014	DivAnc	SC3	1	12	48	5	6	0
120923	228	DivAnc	SC3	1	275	1531	897	1315	1240
121014	118	DivAnc	SC3	1	201	659	495	912	754
121078	729	DivAnc	SC3	1	161	782	407	590	388
121260	970	DivAnc	SC3	1	2	2	1	1	4
121311	574	DivAnc	SC3	1	5	2	0	0	1
121512	962	DivAnc	SC3	1	347	1384	615	682	659
121620	534	DivAnc	SC3	1	308	1510	883	1139	1119
121632	159	DivAnc	SC3	1	470	2179	1152	1513	1438
121826	874	DivAnc	SC3	1	2	1	2	3	1
121837	83	DivAnc	SC3	1	381	1597	1211	1494	1424
122602	954	DivAnc	SC3	1	3	0	2	2	1
122743	726	DivAnc	SC3	1	169	834	422	655	592
123012	52	DivAnc	SC3	1	108	288	102	138	55
123023	279	DivAnc	SC3	1	1	1	0	0	0
123076	574	DivAnc	SC3	1	155	586	400	614	715
123225	295	DivAnc	SC3	1	468	2336	1450	2192	1803
123235	279	DivAnc	SC3	1	70	71	87	87	43
123767	1000	DivAnc	SC3	1	27	49	24	33	16
123797	423	DivAnc	SC3	1	543	2497	1317	1793	2178
124436	520	DivAnc	SC3	1	62	245	148	172	199
124996	646	DivAnc	SC3	1	110	580	267	350	402
125273	596	DivAnc	SC3	1	194	843	388	468	566
125446	511	DivAnc	SC3	1	0	0	2	0	6
125956	209	DivAnc	SC3	1	206	1042	789	1387	1492
126035	773	DivAnc	SC3	1	15	19	21	14	11
126121	149	DivAnc	SC3	1	2	2	2	1	3
126406	969	DivAnc	SC3	1	63	491	183	367	308
126670	896	DivAnc	SC3	1	26	86	4	13	5
127128	203	DivAnc	SC3	1	3	0	2	2	1
127152	343	DivAnc	SC3	1	162	791	450	600	1048
127429	981	DivAnc	SC3	1	176	629	325	443	437
127490	856	DivAnc	SC3	1	43	95	6	8	6
127562	564	DivAnc	SC3	1	178	952	752	970	994
129200	724	DivAnc	SC3	1	0	0	12	0	0
129221	3	DivAnc	SC3	1	195	1066	614	685	672
129785	311	DivAnc	SC3	1	175	977	454	652	603
129924	612	DivAnc	SC3	1	190	754	264	310	282
130182	1013	DivAnc	SC3	1	0	1	0	0	0
130546	913	DivAnc	SC3	1	195	880	475	686	823
130593	186	DivAnc	SC3	1	0	3	3	2	0
131019	390	DivAnc	SC3	1	1	0	0	1	0
131111	534	DivAnc	SC3	1	191	1383	671	869	1072
131811	907	DivAnc	SC3	1	437	1922	1246	1761	2009
131829	845	DivAnc	SC3	1	375	1526	947	1001	1747
132348	903	DivAnc	SC3	1	161	958	449	755	668
132412	816	DivAnc	SC3	1	2	3	0	2	2
132516	249	DivAnc	SC3	1	0	1	0	0	0
132622	700	DivAnc	SC3	1	19	22	18	23	9
132753	83	DivAnc	SC3	1	40	39	50	45	24
132784	979	DivAnc	SC3	1	37	44	47	46	19
133261	949	DivAnc	SC3	1	464	2160	1088	1731	1618
133361	974	DivAnc	SC3	1	140	616	209	217	224
133450	132	DivAnc	SC3	1	2	3	0	0	1
133898	138	DivAnc	SC3	1	87	512	165	240	379
133957	479	DivAnc	SC3	1	1	0	1	1	0
134101	34	DivAnc	SC3	1	211	403	835	1035	848
134121	729	DivAnc	SC3	1	2	3	0	0	2
134506	941	DivAnc	SC3	1	0	1	0	0	0
134569	34	DivAnc	SC3	1	2	3	1	1	4
134723	245	DivAnc	SC3	1	2	4	1	3	2
134851	923	DivAnc	SC3	1	3	0	2	0	0
135031	119	DivAnc	SC3	1	68	82	75	84	41
135273	976	DivAnc	SC3	1	165	1141	463	653	1110
135481	924	DivAnc	SC3	1	143	617	478	835	1461
135633	638	DivAnc	SC3	1	410	2572	1743	2809	3277
135918	815	DivAnc	SC3	1	0	2	0	1	1
136155	959	DivAnc	SC3	1	186	1018	447	522	666
136212	835	DivAnc	SC3	1	0	1	0	0	0
136498	109	DivAnc	SC3	1	17	13	18	19	7
136543	60	DivAnc	SC3	1	4	2	2	2	3
136766	12	DivAnc	SC3	1	199	1074	534	945	1032
137077	34	DivAnc	SC3	1	267	1418	797	1139	1220
137149	648	DivAnc	SC3	1	43	35	47	47	28
137227	289	DivAnc	SC3	1	4	1	2	3	0
137425	408	DivAnc	SC3	1	2	0	0	2	0
137633	83	DivAnc	SC3	1	6	2	1	6	3
138246	853	DivAnc	SC3	1	51	44	55	60	28
138312	894	DivAnc	SC3	1	1	0	0	1	0
139347	896	DivAnc	SC3	1	247	1500	765	1069	1319
139936	162	DivAnc	SC3	1	1	6	0	3	2
140025	766	DivAnc	SC3	1	20	58	65	75	12
140112	211	DivAnc	SC3	1	137	385	222	310	181
140134	97	DivAnc	SC3	1	104	683	294	263	219
140422	412	DivAnc	SC3	1	230	1240	696	945	882
140426	772	DivAnc	SC3	1	2	0	0	1	0
140450	70	DivAnc	SC3	1	95	387	228	239	315
140933	729	DivAnc	SC3	1	272	1146	550	696	887
141733	91	DivAnc	SC3	1	30	107	35	12	0
141904	468	DivAnc	SC3	1	199	915	384	788	864
142027	1007	DivAnc	SC3	1	41	42	61	62	31
142097	423	DivAnc	SC3	1	96	301	171	244	184
142556	731	DivAnc	SC3	1	3	1	0	2	1
142559	526	DivAnc	SC3	1	104	666	356	676	443
142935	17	DivAnc	SC3	1	0	0	1	1	2
143486	458	DivAnc	SC3	1	62	395	127	141	137
143679	461	DivAnc	SC3	1	3	1	0	1	2
143959	810	DivAnc	SC3	1	1	4	1	1	1
143988	423	DivAnc	SC3	1	436	1802	1141	1617	1473
144527	434	DivAnc	SC3	1	1	1	0	2	2
144750	72	DivAnc	SC3	1	0	1	1	0	3
145183	279	DivAnc	SC3	1	45	362	142	325	374
145259	97	DivAnc	SC3	1	56	59	80	69	37
145475	233	DivAnc	SC3	1	20	22	14	27	14
145555	439	DivAnc	SC3	1	157	869	714	1149	1009
145748	330	DivAnc	SC3	1	209	979	419	508	660
145925	213	DivAnc	SC3	1	42	103	97	87	108
146135	252	DivAnc	SC3	1	101	766	364	403	427
146536	874	DivAnc	SC3	1	206	999	453	650	652
146668	979	DivAnc	SC3	1	0	1	0	2	0
146754	639	DivAnc	SC3	1	42	35	41	49	12
146995	147	DivAnc	SC3	1	7	6	6	9	4
147112	940	DivAnc	SC3	1	10	57	13	3	1
147277	439	DivAnc	SC3	1	396	1853	1028	1357	1368
147571	967	DivAnc	SC3	1	117	476	303	350	377
148032	956	DivAnc	SC3	1	167	901	453	567	879
148768	372	DivAnc	SC3	1	144	719	189	129	154
148968	954	DivAnc	SC3	1	169	1095	602	763	818
149136	599	DivAnc	SC3	1	5	2	2	1	3
149299	95	DivAnc	SC3	1	1	0	0	0	2
149577	423	DivAnc	SC3	1	185	863	594	855	1034
150122	183	DivAnc	SC3	1	127	565	276	411	308
150252	998	DivAnc	SC3	1	29	81	54	44	25
150618	138	DivAnc	SC3	1	203	1176	519	611	721
150764	890	DivAnc	SC3	1	230	1160	577	860	1015
150994	261	DivAnc	SC3	1	51	242	112	373	544
151009	204	DivAnc	SC3	1	53	122	89	69	34
151211	652	DivAnc	SC3	1	53	48	55	52	19
151360	767	DivAnc	SC3	1	82	360	128	196	81
151390	974	DivAnc	SC3	1	1	1	3	2	2
151532	1013	DivAnc	SC3	1	206	849	413	618	743
152007	310	DivAnc	SC3	1	89	435	411	423	342
152469	456	DivAnc	SC3	1	0	0	0	3	0
152744	866	DivAnc	SC3	1	2	4	1	1	2
152761	204	DivAnc	SC3	1	168	889	508	636	712
152815	50	DivAnc	SC3	1	187	959	560	1053	1142
153457	95	DivAnc	SC3	1	215	1102	631	908	816
153621	899	DivAnc	SC3	1	174	656	483	936	961
153638	209	DivAnc	SC3	1	50	221	189	294	538
154115	710	DivAnc	SC3	1	128	740	421	531	628
154305	434	DivAnc	SC3	1	132	648	387	405	324
154709	853	DivAnc	SC3	1	1	1	0	2	0
154882	109	DivAnc	SC3	1	190	927	396	499	481
154956	592	DivAnc	SC3	1	177	1096	596	877	916
155359	596	DivAnc	SC3	1	2	2	1	4	0
155592	83	DivAnc	SC3	1	179	973	464	688	785
156188	45	DivAnc	SC3	1	5	1	0	3	0
156868	677	DivAnc	SC3	1	0	0	0	0	2
156953	704	DivAnc	SC3	1	95	588	377	539	704
157827	177	DivAnc	SC3	1	268	1804	1212	1626	1532
158540	132	DivAnc	SC3	1	99	338	206	274	169
159524	209	DivAnc	SC3	1	26	32	27	39	19
159661	899	DivAnc	SC3	1	105	468	389	445	553
160908	1001	DivAnc	SC3	1	147	725	325	367	262
161389	979	DivAnc	SC3	1	388	1736	711	985	1003
161453	473	DivAnc	SC3	1	2	3	0	0	0
161630	898	DivAnc	SC3	1	1	0	2	1	0
162426	757	DivAnc	SC3	1	5	1	1	2	1
162512	969	DivAnc	SC3	1	105	412	263	452	470
162705	265	DivAnc	SC3	1	255	1271	833	1252	1891
162894	367	DivAnc	SC3	1	104	573	246	240	231
163055	418	DivAnc	SC3	1	2	0	2	1	0
163496	102	DivAnc	SC3	1	0	1	1	1	3
163886	565	DivAnc	SC3	1	403	2255	1099	1626	2259
164437	913	DivAnc	SC3	1	197	1098	604	935	966
165532	1001	DivAnc	SC3	1	3	15	4	9	1
166346	886	DivAnc	SC3	1	119	120	141	133	63
166347	50	DivAnc	SC3	1	132	805	350	633	661
166443	775	DivAnc	SC3	1	40	53	57	47	21
166530	988	DivAnc	SC3	1	3	2	2	3	1
167205	976	DivAnc	SC3	1	1	1	1	3	1
168237	505	DivAnc	SC3	1	70	208	134	216	174
168613	535	DivAnc	SC3	1	0	0	0	1	0
168631	938	DivAnc	SC3	1	13	48	11	4	0
168691	205	DivAnc	SC3	1	73	60	60	66	39
168852	625	DivAnc	SC3	1	1	0	0	0	0
169144	925	DivAnc	SC3	1	1	0	0	2	1
169616	732	DivAnc	SC3	1	165	370	659	923	659
170060	921	DivAnc	SC3	1	75	280	108	102	168
170379	311	DivAnc	SC3	1	1	1	2	1	0
170429	846	DivAnc	SC3	1	48	197	212	316	324
171208	623	DivAnc	SC3	1	124	550	191	241	204
171562	773	DivAnc	SC3	1	219	1454	851	1337	1666
171833	942	DivAnc	SC3	1	2	1	0	0	1
172343	252	DivAnc	SC3	1	299	1500	776	1243	1289
172617	971	DivAnc	SC3	1	97	369	135	216	160
174312	6	DivAnc	SC3	1	113	108	125	132	67
175245	1001	DivAnc	SC3	1	311	1230	499	812	753
176378	91	DivAnc	SC3	1	51	133	54	54	39
176380	159	DivAnc	SC3	1	1	1	2	0	0
176602	185	DivAnc	SC3	1	310	1421	656	972	820
176725	132	DivAnc	SC3	1	211	742	438	563	777
177020	440	DivAnc	SC3	1	7	5	0	0	0
177912	83	DivAnc	SC3	1	2	1	3	3	7
179025	843	DivAnc	SC3	1	273	1391	723	802	975
179648	7	DivAnc	SC3	1	109	501	301	482	365
179796	202	DivAnc	SC3	1	1	2	0	2	1
179919	923	DivAnc	SC3	1	178	750	377	591	644
180127	20	DivAnc	SC3	1	166	789	531	742	696
180705	343	DivAnc	SC3	1	40	43	58	45	34
180975	926	DivAnc	SC3	1	2	0	0	0	0
181230	432	DivAnc	SC3	1	369	1887	1262	1816	2432
181571	50	DivAnc	SC3	1	114	602	362	521	733
182053	829	DivAnc	SC3	1	2	1	2	1	0
182063	235	DivAnc	SC3	1	777	4068	2253	3071	3706
182286	476	DivAnc	SC3	1	356	2269	1359	1843	2231
182591	9	DivAnc	SC3	1	176	1230	712	1148	1099
183115	383	DivAnc	SC3	1	2	1	1	1	3
183279	836	DivAnc	SC3	1	356	2031	1017	1366	1695
184247	302	DivAnc	SC3	1	75	538	253	301	319
184485	644	DivAnc	SC3	1	4	1	2	1	1
184539	903	DivAnc	SC3	1	0	1	2	5	2
184728	13	DivAnc	SC3	1	146	437	138	77	49
184803	119	DivAnc	SC3	1	56	60	70	81	30
185604	309	DivAnc	SC3	1	166	871	411	656	580
185671	309	DivAnc	SC3	1	3	2	2	1	2
185905	202	DivAnc	SC3	1	2	1	2	0	2
185917	423	DivAnc	SC3	1	36	20	25	45	20
186070	536	DivAnc	SC3	1	0	13	0	0	0
186559	802	DivAnc	SC3	1	232	944	527	657	782
186563	756	DivAnc	SC3	1	108	532	266	383	306
186904	572	DivAnc	SC3	1	169	739	302	413	452
187100	381	DivAnc	SC3	1	4	8	1	4	1
187640	423	DivAnc	SC3	1	309	1150	701	840	971
188286	573	DivAnc	SC3	1	74	75	67	71	47
188458	90	DivAnc	SC3	1	128	754	216	272	180
188579	326	DivAnc	SC3	1	179	709	348	351	415
188605	177	DivAnc	SC3	1	4	5	2	1	4
188717	623	DivAnc	SC3	1	1	3	1	2	2
189219	390	DivAnc	SC3	1	65	276	247	297	215
189957	333	DivAnc	SC3	1	0	0	2	6	0
190617	962	DivAnc	SC3	1	32	212	144	169	390
190618	599	DivAnc	SC3	1	256	1299	850	1281	1559
191287	896	DivAnc	SC3	1	136	847	585	938	1035
191558	132	DivAnc	SC3	1	289	1561	763	1048	1011
191694	558	DivAnc	SC3	1	2	0	1	1	0
191733	464	DivAnc	SC3	1	60	259	150	204	255
192306	717	DivAnc	SC3	1	412	2443	1379	2227	2559
192531	228	DivAnc	SC3	1	2	0	0	1	0
192578	520	DivAnc	SC3	1	309	1514	965	1266	1432
192739	807	DivAnc	SC3	1	0	2	3	1	1
193048	205	DivAnc	SC3	1	0	0	1	0	2
193710	115	DivAnc	SC3	1	2	0	1	2	0
195482	979	DivAnc	SC3	1	5	2	1	2	1
195539	767	DivAnc	SC3	1	1	1	0	1	0
195818	431	DivAnc	SC3	1	38	150	166	243	297
196168	423	DivAnc	SC3	1	210	941	498	735	595
196509	843	DivAnc	SC3	1	126	618	306	524	662
197403	119	DivAnc	SC3	1	134	558	278	444	406
197406	162	DivAnc	SC3	1	135	885	1058	1787	2274
197599	717	DivAnc	SC3	1	292	1834	1264	1912	2158
197792	407	DivAnc	SC3	1	5	3	1	0	0
198020	1000	DivAnc	SC3	1	134	812	412	426	489
198267	205	DivAnc	SC3	1	310	1591	761	1327	1593
198789	177	DivAnc	SC3	1	1	1	1	1	0
198897	267	DivAnc	SC3	1	15	2	0	0	1
199065	198	DivAnc	SC3	1	0	1	0	0	0
199681	348	DivAnc	SC3	1	363	1533	891	1120	1304
199928	486	DivAnc	SC3	1	3	2	1	4	1
200875	652	DivAnc	SC3	1	1	1	0	3	0
201624	554	DivAnc	SC3	1	0	0	2	0	0
201919	718	DivAnc	SC3	1	1	2	0	3	2
203384	767	DivAnc	SC3	1	32	32	32	31	21
203653	174	DivAnc	SC3	1	0	0	0	2	0
203856	423	DivAnc	SC3	1	899	4534	2600	3408	3586
204061	456	DivAnc	SC3	1	50	143	52	119	205
204165	853	DivAnc	SC3	1	1	0	0	0	0
204458	233	DivAnc	SC3	1	172	429	133	205	130
204675	524	DivAnc	SC3	1	6	7	0	1	0
205006	116	DivAnc	SC3	1	29	286	65	162	272
205632	692	DivAnc	SC3	1	76	82	91	79	50
206696	202	DivAnc	SC3	1	130	478	100	115	85
207077	1007	DivAnc	SC3	1	0	4	1	0	0
207426	1011	DivAnc	SC3	1	6	1	3	3	1
208618	468	DivAnc	SC3	1	75	520	247	295	316
208795	870	DivAnc	SC3	1	5	5	0	0	0
209755	191	DivAnc	SC3	1	4	10	0	1	0
210055	967	DivAnc	SC3	1	268	1186	449	478	620
210433	423	DivAnc	SC3	1	240	1012	542	943	778
211410	274	DivAnc	SC3	1	1	2	1	2	0
211777	887	DivAnc	SC3	1	199	1165	549	748	783
211962	646	DivAnc	SC3	1	501	2258	1450	2194	2355
212553	446	DivAnc	SC3	1	0	0	0	0	1
213671	605	DivAnc	SC3	1	28	153	53	39	15
214400	965	DivAnc	SC3	1	8	2	2	4	1
214700	514	DivAnc	SC3	1	164	800	415	808	915
215773	648	DivAnc	SC3	1	383	2226	1393	1944	2278
216491	932	DivAnc	SC3	1	0	1	1	0	0
216496	461	DivAnc	SC3	1	2	2	0	2	1
216760	639	DivAnc	SC3	1	0	1	0	1	0
218104	596	DivAnc	SC3	1	3	3	3	8	4
218590	638	DivAnc	SC3	1	91	524	271	309	186
219159	926	DivAnc	SC3	1	6	1	2	1	0
220492	836	DivAnc	SC3	1	30	273	170	265	622
221173	513	DivAnc	SC3	1	6	2	0	3	4
221470	83	DivAnc	SC3	1	127	478	274	355	328
221760	162	DivAnc	SC3	1	286	1467	907	1353	1178
222857	513	DivAnc	SC3	1	0	2	1	1	0
223324	1002	DivAnc	SC3	1	0	0	1	3	0
224131	612	DivAnc	SC3	1	1	1	0	0	0
224358	506	DivAnc	SC3	1	120	596	296	236	317
224919	431	DivAnc	SC3	1	97	347	166	173	196
225276	596	DivAnc	SC3	1	39	44	44	52	30
225441	434	DivAnc	SC3	1	0	1	1	5	1
225622	521	DivAnc	SC3	1	52	131	28	53	38
226257	976	DivAnc	SC3	1	144	132	131	131	86
226778	712	DivAnc	SC3	1	654	2953	1754	2774	3502
226909	835	DivAnc	SC3	1	158	637	203	235	248
226950	152	DivAnc	SC3	1	31	183	97	103	91
227068	12	DivAnc	SC3	1	169	782	385	563	904
228400	9	DivAnc	SC3	1	68	292	202	244	196
228988	484	DivAnc	SC3	1	221	1316	476	676	415
229429	138	DivAnc	SC3	1	303	1304	821	932	996
230214	771	DivAnc	SC3	1	32	26	35	26	17
230345	773	DivAnc	SC3	1	4	6	2	4	1
230579	896	DivAnc	SC3	1	1	1	1	2	0
230679	484	DivAnc	SC3	1	210	922	600	773	927
230916	587	DivAnc	SC3	1	199	1009	528	675	882
231479	745	DivAnc	SC3	1	100	110	111	102	52
233341	773	DivAnc	SC3	1	227	784	521	717	738
233990	605	DivAnc	SC3	1	20	14	11	13	3
235139	757	DivAnc	SC3	1	200	995	621	908	932
235461	926	DivAnc	SC3	1	56	56	82	74	43
235857	340	DivAnc	SC3	1	2	2	3	2	0
236233	423	DivAnc	SC3	1	454	2124	1182	1559	1823
238189	517	DivAnc	SC3	1	1	0	2	3	1
239041	85	DivAnc	SC3	1	635	2763	1553	2188	2237
239669	202	DivAnc	SC3	1	269	995	350	480	380
239836	894	DivAnc	SC3	1	10	55	5	0	0
240470	772	DivAnc	SC3	1	4	2	4	0	3
242849	74	DivAnc	SC3	1	0	2	0	1	1
243218	1000	DivAnc	SC3	1	15	24	21	16	17
243747	596	DivAnc	SC3	1	34	189	153	269	381
244120	202	DivAnc	SC3	1	9	7	9	10	6
244421	180	DivAnc	SC3	1	1	0	0	2	0
244505	724	DivAnc	SC3	1	56	385	184	292	327
245271	575	DivAnc	SC3	1	0	0	1	0	0
245704	333	DivAnc	SC3	1	1	1	2	1	0
245735	800	DivAnc	SC3	1	404	2210	2110	3784	4950
247335	527	DivAnc	SC3	1	1	2	0	2	1
248525	203	DivAnc	SC3	1	257	1458	727	803	859
250309	347	DivAnc	SC3	1	215	846	651	928	857
251508	893	DivAnc	SC3	1	47	43	43	40	18
251856	132	DivAnc	SC3	1	407	1794	902	1136	1579
253342	899	DivAnc	SC3	1	255	1624	660	737	427
253789	213	DivAnc	SC3	1	383	1777	960	1405	1491
257477	143	DivAnc	SC3	1	151	792	375	452	513
258660	474	DivAnc	SC3	1	82	477	211	407	432
258802	960	DivAnc	SC3	1	204	1433	753	1325	1360
259214	34	DivAnc	SC3	1	330	2154	1349	1679	1948
260688	979	DivAnc	SC3	1	57	261	95	179	217
264901	279	DivAnc	SC3	1	227	917	557	748	740
265803	809	DivAnc	SC3	1	4	2	1	1	1
266716	423	DivAnc	SC3	1	10	100	36	77	50
267388	395	DivAnc	SC3	1	0	2	1	0	0
268057	539	DivAnc	SC3	1	175	718	394	552	715
268193	147	DivAnc	SC3	1	25	35	6	1	1
268740	807	DivAnc	SC3	1	698	3719	2000	2656	3071
268845	802	DivAnc	SC3	1	289	1486	633	749	1136
269179	605	DivAnc	SC3	1	28	69	16	0	0
270607	85	DivAnc	SC3	1	153	566	356	483	417
270713	387	DivAnc	SC3	1	83	313	105	107	51
271121	1004	DivAnc	SC3	1	1	0	0	0	1
271831	958	DivAnc	SC3	1	124	647	312	397	380
272688	252	DivAnc	SC3	1	27	29	21	33	16
273096	680	DivAnc	SC3	1	0	1	0	0	0
274280	423	DivAnc	SC3	1	152	653	498	687	780
275344	785	DivAnc	SC3	1	2	0	0	0	0
277085	866	DivAnc	SC3	1	29	136	71	58	72
278837	134	DivAnc	SC3	1	30	98	59	109	111
279847	823	DivAnc	SC3	1	67	115	19	20	1
280259	423	DivAnc	SC3	1	183	849	407	578	614
281208	513	DivAnc	SC3	1	219	969	515	798	436
282361	1001	DivAnc	SC3	1	1	3	1	0	1
283117	687	DivAnc	SC3	1	0	1	1	2	0
283681	985	DivAnc	SC3	1	2	5	1	4	1
286813	954	DivAnc	SC3	1	83	388	179	243	435
287019	366	DivAnc	SC3	1	258	1124	741	958	1292
287112	817	DivAnc	SC3	1	2	1	1	0	2
288412	926	DivAnc	SC3	1	141	754	535	759	795
289246	144	DivAnc	SC3	1	32	198	63	65	45
291477	619	DivAnc	SC3	1	2	0	0	2	0
292486	71	DivAnc	SC3	1	66	240	100	298	133
292548	767	DivAnc	SC3	1	95	288	171	213	57
292760	80	DivAnc	SC3	1	360	1492	893	1627	1679
293429	125	DivAnc	SC3	1	118	919	468	631	479
294034	564	DivAnc	SC3	1	38	105	140	198	153
294914	12	DivAnc	SC3	1	0	1	0	1	0
296100	619	DivAnc	SC3	1	232	1111	358	456	331
298846	552	DivAnc	SC3	1	2	0	1	0	0
299848	177	DivAnc	SC3	1	75	103	88	76	46
302243	800	DivAnc	SC3	1	270	1359	949	1723	2266
302542	423	DivAnc	SC3	1	0	1	1	0	0
302744	258	DivAnc	SC3	1	5	1	0	1	0
302816	957	DivAnc	SC3	1	0	2	0	0	0
303894	474	DivAnc	SC3	1	227	1021	616	737	781
304281	687	DivAnc	SC3	1	2	3	5	2	0
304554	819	DivAnc	SC3	1	83	685	203	262	356
305110	506	DivAnc	SC3	1	94	411	128	191	168
306117	816	DivAnc	SC3	1	3	1	3	4	0
307680	173	DivAnc	SC3	1	1	2	0	1	0
308932	177	DivAnc	SC3	1	2	0	0	0	0
312352	171	DivAnc	SC3	1	329	1701	848	935	811
312970	456	DivAnc	SC3	1	399	2020	1139	1887	2333
313378	792	DivAnc	SC3	1	1	1	0	1	1
313969	347	DivAnc	SC3	1	87	146	207	302	243
314056	926	DivAnc	SC3	1	3	1	1	0	0
316532	903	DivAnc	SC3	1	167	1115	662	1108	1171
317000	191	DivAnc	SC3	1	10	8	0	2	0
317739	585	DivAnc	SC3	1	2	0	1	0	1
319400	932	DivAnc	SC3	1	194	1150	523	710	773
320516	517	DivAnc	SC3	1	72	235	94	144	103
322962	648	DivAnc	SC3	1	183	750	440	604	621
323816	259	DivAnc	SC3	1	22	25	18	24	11
325275	1007	DivAnc	SC3	1	3	0	1	2	3
325789	1019	DivAnc	SC3	1	151	684	375	486	401
325791	1019	DivAnc	SC3	1	166	595	325	335	346
325792	1020	DivAnc	SC3	1	164	907	517	752	815
325793	1020	DivAnc	SC3	1	18	16	18	15	12
325794	1020	DivAnc	SC3	1	63	190	108	144	161
325795	1021	DivAnc	SC3	1	11	3	1	2	1
325796	1021	DivAnc	SC3	1	16	26	24	26	8
325797	1021	DivAnc	SC3	1	19	7	5	13	7
